
<!-- README.md is generated from README.Rmd. Please edit that file -->

# lizardHMM

<!-- badges: start -->

<!-- badges: end -->

The goal of lizardHMM is to fit lizard movement data with Hidden Markov
Models.

## Installation

You can install the released version of lizardHMM from
[CRAN](https://CRAN.R-project.org) with:

``` r
install.packages("lizardHMM")
```

And the development version from [GitHub](https://github.com/) with:

``` r
# install.packages("devtools")
devtools::install_github("simonecollier/lizardHMM")
```

## Example

Set up a basic HMM with data distributed according to normal state
dependent distributions. This HMM will have 3 states, 2 variables, 1
subject, and 2 covariates (included in the computation of the transition
probability matrix). We also define the design matrix which indicates
the values of the covariates at each point in time. Then we go about
generating data from this HMM.

``` r
library(lizardHMM)

hmm1 <- list(num_states = 3,
             num_variables = 2,
             num_subjects = 1,
             mu = list(matrix(c(12, 18, 22), ncol = 3, nrow = 1, byrow = TRUE), 
                       matrix(c(-12, -7, 0), ncol = 3, nrow = 1, byrow = TRUE)),
             sigma = list(matrix(c(3, 1, 1.5), ncol = 3, nrow = 1, byrow = TRUE), 
                          matrix(c(1, 3, 2), ncol = 3, nrow = 1, byrow = TRUE)),
             beta  = matrix(c(0.01, 0.02, 0.001,
                              0.01, 0.03, 0.004,
                              0.01, 0.01, 0.003,
                              0.01, 0.04, 0.002,
                              0.01, 0.01, 0.004,
                              0.01, 0.03, 0.001), ncol = 3, nrow = 6, byrow = TRUE),
             delta = list(c(0.3, 0.02, 0.5)))

num_sample <- 1000

design           <- list(matrix(0, nrow = 1000, ncol = 3))
design[[1]][, 1] <- 1 # First column is the intercept
design[[1]][, 2] <- sample(c(0, 1), size = 1000, 
                           prob = c(0.3, 0.7), replace = TRUE)
design[[1]][, 3] <- rnorm(1000, mean = 5, sd = 1)

sample <- norm_generate_sample(num_sample, hmm1, design)
x      <- sample$observ

timeseries_plot(x, sample$state, hmm1$num_subjects, hmm1$num_variables)
#> [[1]]
```

<img src="man/figures/README-HMM Setup-1.png" width="100%" />

    #> 
    #> [[2]]

<img src="man/figures/README-HMM Setup-2.png" width="100%" />

Now we can try fitting the data we generated with a basic HMM with
reasonable guesses for the initial parameters.

``` r
num_states = 3
num_variables = 2
num_subjects = 1
num_covariates = 2
mu0 <- list(matrix(c(11, 19, 23), ncol = 3, nrow = 1, byrow = TRUE),
            matrix(c(-10, -5, 1), ncol = 3, nrow = 1, byrow = TRUE))
sigma0 <- list(matrix(c(3, 3, 3), ncol = 3, nrow = 1, byrow = TRUE),
               matrix(c(3, 3, 3), ncol = 3, nrow = 1, byrow = TRUE))
beta0 <- matrix(c(-2, 0, 0,
                  -2, 0, 0,
                  -2, 0, 0,
                  -2, 0, 0,
                  -2, 0, 0,
                  -2, 0, 0), ncol = 3, nrow = 6, byrow = TRUE)
delta0 <- list(c(1/3, 1/3, 1/3))

hmm_fit <- norm_fit_hmm(x, design, num_states, num_variables, num_subjects,
                        num_covariates, mu0, sigma0, beta0, delta0,
                        iterlim = 200, hessian = TRUE)
hmm_fit
#> $num_states
#> [1] 3
#> 
#> $num_variables
#> [1] 2
#> 
#> $num_subjects
#> [1] 1
#> 
#> $num_covariates
#> [1] 2
#> 
#> $mu
#> $mu$`1`
#>          [,1]     [,2]    [,3]
#> [1,] 11.88742 18.05472 22.0055
#> 
#> $mu$`2`
#>           [,1]     [,2]        [,3]
#> [1,] -11.95643 -6.83629 -0.01102827
#> 
#> 
#> $sigma
#> $sigma$`1`
#>         [,1]      [,2]    [,3]
#> [1,] 3.02159 0.9361979 1.44672
#> 
#> $sigma$`2`
#>          [,1]     [,2]     [,3]
#> [1,] 0.953434 2.893816 1.958345
#> 
#> 
#> $beta
#>             [,1]          [,2]        [,3]
#> [1,]  0.04281937  0.2111527040 -0.05407640
#> [2,]  0.70961983 -0.0036813113 -0.16322313
#> [3,]  0.02705720 -0.1819927396  0.06248263
#> [4,]  0.89667353  0.0050002290 -0.14563320
#> [5,]  0.42754698 -0.0548077742 -0.05690551
#> [6,] -0.16661715 -0.0004446433  0.07636718
#> 
#> $delta
#> $delta[[1]]
#> [1] 9.999999e-01 5.277794e-08 5.284476e-08
#> 
#> 
#> $gamma
#> $gamma[[1]]
#> $gamma[[1]][[1]]
#>           [,1]      [,2]      [,3]
#> [1,] 0.3626896 0.2938843 0.3434261
#> [2,] 0.3806650 0.2765315 0.3428035
#> [3,] 0.3470482 0.3575480 0.2954037
#> 
#> $gamma[[1]][[2]]
#>           [,1]      [,2]      [,3]
#> [1,] 0.3951158 0.3490632 0.2558210
#> [2,] 0.4121460 0.3109620 0.2768920
#> [3,] 0.2853477 0.4221018 0.2925505
#> 
#> $gamma[[1]][[3]]
#>           [,1]      [,2]      [,3]
#> [1,] 0.3899282 0.3485344 0.2615374
#> [2,] 0.4052624 0.3099301 0.2848075
#> [3,] 0.2898631 0.4165936 0.2935434
#> 
#> $gamma[[1]][[4]]
#>           [,1]      [,2]      [,3]
#> [1,] 0.3555048 0.2923869 0.3521083
#> [2,] 0.3713678 0.2744625 0.3541697
#> [3,] 0.3532254 0.3507906 0.2959840
#> 
#> $gamma[[1]][[5]]
#>           [,1]      [,2]      [,3]
#> [1,] 0.3562382 0.3434676 0.3002942
#> [2,] 0.3603324 0.3007648 0.3389029
#> [3,] 0.3197255 0.3812877 0.2989868
#> 
#> $gamma[[1]][[6]]
#>           [,1]      [,2]      [,3]
#> [1,] 0.3355701 0.3389388 0.3254911
#> [2,] 0.3327145 0.2930401 0.3742454
#> [3,] 0.3385337 0.3600079 0.3014584
#> 
#> $gamma[[1]][[7]]
#>           [,1]      [,2]      [,3]
#> [1,] 0.3604984 0.3442658 0.2952358
#> [2,] 0.3660268 0.3021592 0.3318140
#> [3,] 0.3158962 0.3857089 0.2983949
#> 
#> $gamma[[1]][[8]]
#>           [,1]      [,2]      [,3]
#> [1,] 0.3712451 0.3460758 0.2826791
#> [2,] 0.3803810 0.3053744 0.3142445
#> [3,] 0.3063061 0.3969165 0.2967774
#> 
#> $gamma[[1]][[9]]
#>           [,1]      [,2]      [,3]
#> [1,] 0.3164577 0.3337676 0.3497746
#> [2,] 0.3072644 0.2844979 0.4082377
#> [3,] 0.3562876 0.3405659 0.3031466
#> 
#> $gamma[[1]][[10]]
#>           [,1]      [,2]      [,3]
#> [1,] 0.3584278 0.3438836 0.2976886
#> [2,] 0.3632593 0.3014899 0.3352508
#> [3,] 0.3177554 0.3835585 0.2986861
#> 
#> $gamma[[1]][[11]]
#>           [,1]      [,2]      [,3]
#> [1,] 0.3324146 0.2868749 0.3807106
#> [2,] 0.3414072 0.2667476 0.3918452
#> [3,] 0.3733284 0.3292900 0.2973815
#> 
#> $gamma[[1]][[12]]
#>           [,1]      [,2]      [,3]
#> [1,] 0.3284639 0.3371276 0.3344085
#> [2,] 0.3232363 0.2900196 0.3867442
#> [3,] 0.3450926 0.3527536 0.3021538
#> 
#> $gamma[[1]][[13]]
#>           [,1]      [,2]      [,3]
#> [1,] 0.3460607 0.3413742 0.3125651
#> [2,] 0.3467276 0.2971592 0.3561132
#> [3,] 0.3289384 0.3707746 0.3002870
#> 
#> $gamma[[1]][[14]]
#>           [,1]      [,2]      [,3]
#> [1,] 0.3583959 0.3438776 0.2977265
#> [2,] 0.3632166 0.3014795 0.3353038
#> [3,] 0.3177841 0.3835255 0.2986905
#> 
#> $gamma[[1]][[15]]
#>           [,1]      [,2]      [,3]
#> [1,] 0.3216283 0.3352611 0.3431106
#> [2,] 0.3141352 0.2869400 0.3989248
#> [3,] 0.3514485 0.3458043 0.3027472
#> 
#> $gamma[[1]][[16]]
#>           [,1]      [,2]      [,3]
#> [1,] 0.3250629 0.3362142 0.3387229
#> [2,] 0.3187058 0.2885086 0.3927856
#> [3,] 0.3482491 0.3492926 0.3024583
#> 
#> $gamma[[1]][[17]]
#>           [,1]      [,2]      [,3]
#> [1,] 0.3417747 0.2892387 0.3689866
#> [2,] 0.3535628 0.2700708 0.3763664
#> [3,] 0.3651310 0.3379676 0.2969014
#> 
#> $gamma[[1]][[18]]
#>           [,1]      [,2]      [,3]
#> [1,] 0.3463946 0.3414471 0.3121583
#> [2,] 0.3471739 0.2972836 0.3555425
#> [3,] 0.3286347 0.3711184 0.3002469
#> 
#> $gamma[[1]][[19]]
#>           [,1]      [,2]      [,3]
#> [1,] 0.3515260 0.3425312 0.3059428
#> [2,] 0.3540331 0.2991434 0.3468235
#> [3,] 0.3239795 0.3764117 0.2996088
#> 
#> $gamma[[1]][[20]]
#>           [,1]      [,2]      [,3]
#> [1,] 0.3624239 0.3446115 0.2929646
#> [2,] 0.3685999 0.3027671 0.3286329
#> [3,] 0.3141707 0.3877112 0.2981181
#> 
#> $gamma[[1]][[21]]
#>           [,1]      [,2]      [,3]
#> [1,] 0.3467133 0.2904146 0.3628721
#> [2,] 0.3599717 0.2717166 0.3683117
#> [3,] 0.3608329 0.3425666 0.2966005
#> 
#> $gamma[[1]][[22]]
#>           [,1]      [,2]      [,3]
#> [1,] 0.3743057 0.3465382 0.2791561
#> [2,] 0.3844647 0.3062107 0.3093246
#> [3,] 0.3035927 0.4001230 0.2962843
#> 
#> $gamma[[1]][[23]]
#>           [,1]      [,2]      [,3]
#> [1,] 0.3603502 0.2934080 0.3462418
#> [2,] 0.3776396 0.2758751 0.3464852
#> [3,] 0.3490557 0.3553441 0.2956002
#> 
#> $gamma[[1]][[24]]
#>           [,1]      [,2]      [,3]
#> [1,] 0.3391530 0.3398024 0.3210445
#> [2,] 0.3374983 0.2944927 0.3680090
#> [3,] 0.3352450 0.3636772 0.3010777
#> 
#> $gamma[[1]][[25]]
#>           [,1]      [,2]      [,3]
#> [1,] 0.3228685 0.3356088 0.3415227
#> [2,] 0.3157850 0.2875113 0.3967037
#> [3,] 0.3502919 0.3470630 0.3026451
#> 
#> $gamma[[1]][[26]]
#>           [,1]      [,2]      [,3]
#> [1,] 0.3145375 0.3331950 0.3522675
#> [2,] 0.3047162 0.2835665 0.4117173
#> [3,] 0.3580917 0.3386243 0.3032840
#> 
#> $gamma[[1]][[27]]
#>           [,1]      [,2]      [,3]
#> [1,] 0.3422053 0.3405121 0.3172826
#> [2,] 0.3415756 0.2956927 0.3627317
#> [3,] 0.3324529 0.3668096 0.3007375
#> 
#> $gamma[[1]][[28]]
#>           [,1]      [,2]      [,3]
#> [1,] 0.3568515 0.3435853 0.2995632
#> [2,] 0.3611522 0.3009697 0.3378781
#> [3,] 0.3191733 0.3819234 0.2989033
#> 
#> $gamma[[1]][[29]]
#>           [,1]      [,2]      [,3]
#> [1,] 0.3264333 0.3365859 0.3369808
#> [2,] 0.3205309 0.2891225 0.3903466
#> [3,] 0.3469758 0.3506864 0.3023378
#> 
#> $gamma[[1]][[30]]
#>           [,1]      [,2]      [,3]
#> [1,] 0.2950292 0.3268181 0.3781527
#> [2,] 0.2789607 0.2733604 0.4476789
#> [3,] 0.3766468 0.3190136 0.3043397
#> 
#> $gamma[[1]][[31]]
#>           [,1]      [,2]      [,3]
#> [1,] 0.3740785 0.2960481 0.3298734
#> [2,] 0.3953629 0.2794883 0.3251487
#> [3,] 0.3373268 0.3683296 0.2943436
#> 
#> $gamma[[1]][[32]]
#>           [,1]      [,2]      [,3]
#> [1,] 0.3259971 0.3364681 0.3375347
#> [2,] 0.3199499 0.2889278 0.3911223
#> [3,] 0.3473809 0.3502426 0.3023765
#> 
#> $gamma[[1]][[33]]
#>           [,1]      [,2]      [,3]
#> [1,] 0.3974635 0.2996901 0.3028464
#> [2,] 0.4253382 0.2843214 0.2903404
#> [3,] 0.3176165 0.3907543 0.2916292
#> 
#> $gamma[[1]][[34]]
#>           [,1]      [,2]      [,3]
#> [1,] 0.3449448 0.3411286 0.3139267
#> [2,] 0.3452361 0.2967404 0.3580235
#> [3,] 0.3299543 0.3696259 0.3004198
#> 
#> $gamma[[1]][[35]]
#>           [,1]      [,2]      [,3]
#> [1,] 0.3616279 0.2936695 0.3447026
#> [2,] 0.3792922 0.2762357 0.3444721
#> [3,] 0.3479588 0.3565474 0.2954938
#> 
#> $gamma[[1]][[36]]
#>           [,1]      [,2]      [,3]
#> [1,] 0.3495950 0.3421311 0.3082739
#> [2,] 0.3514517 0.2984550 0.3500932
#> [3,] 0.3257285 0.3744178 0.2998537
#> 
#> $gamma[[1]][[37]]
#>           [,1]      [,2]      [,3]
#> [1,] 0.3573210 0.3436748 0.2990041
#> [2,] 0.3617799 0.3011256 0.3370945
#> [3,] 0.3187507 0.3824103 0.2988390
#> 
#> $gamma[[1]][[38]]
#>           [,1]      [,2]      [,3]
#> [1,] 0.3479798 0.3417891 0.3102311
#> [2,] 0.3492926 0.2978686 0.3528388
#> [3,] 0.3271941 0.3727518 0.3000542
#> 
#> $gamma[[1]][[39]]
#>           [,1]      [,2]      [,3]
#> [1,] 0.3458388 0.2902100 0.3639512
#> [2,] 0.3588371 0.2714306 0.3697323
#> [3,] 0.3615927 0.3417512 0.2966562
#> 
#> $gamma[[1]][[40]]
#>           [,1]      [,2]      [,3]
#> [1,] 0.3699580 0.2952948 0.3347471
#> [2,] 0.3900515 0.2784642 0.3314843
#> [3,] 0.3408343 0.3644187 0.2947470
#> 
#> $gamma[[1]][[41]]
#>           [,1]      [,2]      [,3]
#> [1,] 0.3511112 0.3424460 0.3064428
#> [2,] 0.3534785 0.2989967 0.3475248
#> [3,] 0.3243550 0.3759831 0.2996619
#> 
#> $gamma[[1]][[42]]
#>           [,1]      [,2]      [,3]
#> [1,] 0.3583558 0.3438701 0.2977741
#> [2,] 0.3631631 0.3014664 0.3353705
#> [3,] 0.3178201 0.3834839 0.2986961
#> 
#> $gamma[[1]][[43]]
#>           [,1]      [,2]      [,3]
#> [1,] 0.3237828 0.3358626 0.3403546
#> [2,] 0.3170017 0.2879290 0.3950693
#> [3,] 0.3494402 0.3479916 0.3025682
#> 
#> $gamma[[1]][[44]]
#>           [,1]      [,2]      [,3]
#> [1,] 0.3742577 0.3465311 0.2792112
#> [2,] 0.3844006 0.3061978 0.3094015
#> [3,] 0.3036353 0.4000726 0.2962921
#> 
#> $gamma[[1]][[45]]
#>           [,1]      [,2]      [,3]
#> [1,] 0.3702811 0.3459253 0.2837936
#> [2,] 0.3790943 0.3051037 0.3158020
#> [3,] 0.3071623 0.3959079 0.2969297
#> 
#> $gamma[[1]][[46]]
#>           [,1]      [,2]      [,3]
#> [1,] 0.3550670 0.2922924 0.3526407
#> [2,] 0.3708007 0.2743314 0.3548679
#> [3,] 0.3536029 0.3503799 0.2960172
#> 
#> $gamma[[1]][[47]]
#>           [,1]      [,2]      [,3]
#> [1,] 0.3570852 0.3436300 0.2992849
#> [2,] 0.3614646 0.3010474 0.3374880
#> [3,] 0.3189629 0.3821658 0.2988713
#> 
#> $gamma[[1]][[48]]
#>           [,1]      [,2]      [,3]
#> [1,] 0.3218871 0.3353340 0.3427789
#> [2,] 0.3144794 0.2870596 0.3984609
#> [3,] 0.3512070 0.3460669 0.3027261
#> 
#> $gamma[[1]][[49]]
#>           [,1]      [,2]      [,3]
#> [1,] 0.3700079 0.2953042 0.3346879
#> [2,] 0.3901158 0.2784769 0.3314072
#> [3,] 0.3407918 0.3644660 0.2947422
#> 
#> $gamma[[1]][[50]]
#>           [,1]      [,2]      [,3]
#> [1,] 0.3448022 0.3410969 0.3141009
#> [2,] 0.3450456 0.2966865 0.3582679
#> [3,] 0.3300842 0.3694792 0.3004366
#> 
#> $gamma[[1]][[51]]
#>           [,1]      [,2]      [,3]
#> [1,] 0.3750598 0.3466485 0.2782916
#> [2,] 0.3854706 0.3064113 0.3081181
#> [3,] 0.3029254 0.4009141 0.2961606
#> 
#> $gamma[[1]][[52]]
#>           [,1]      [,2]      [,3]
#> [1,] 0.3283330 0.3370930 0.3345740
#> [2,] 0.3230618 0.2899622 0.3869760
#> [3,] 0.3452139 0.3526202 0.3021659
#> 
#> $gamma[[1]][[53]]
#>           [,1]      [,2]      [,3]
#> [1,] 0.3931352 0.3488692 0.2579956
#> [2,] 0.4095195 0.3105800 0.2799005
#> [3,] 0.2870691 0.4199965 0.2929345
#> 
#> $gamma[[1]][[54]]
#>           [,1]      [,2]      [,3]
#> [1,] 0.3669333 0.3453845 0.2876823
#> [2,] 0.3746241 0.3041365 0.3212394
#> [3,] 0.3101421 0.3924102 0.2974477
#> 
#> $gamma[[1]][[55]]
#>           [,1]      [,2]      [,3]
#> [1,] 0.3750723 0.3466504 0.2782773
#> [2,] 0.3854872 0.3064146 0.3080981
#> [3,] 0.3029143 0.4009272 0.2961585
#> 
#> $gamma[[1]][[56]]
#>           [,1]      [,2]      [,3]
#> [1,] 0.3305327 0.3376684 0.3317988
#> [2,] 0.3259941 0.2909181 0.3830878
#> [3,] 0.3431781 0.3548624 0.3019596
#> 
#> $gamma[[1]][[57]]
#>           [,1]      [,2]      [,3]
#> [1,] 0.3229388 0.3356284 0.3414328
#> [2,] 0.3158785 0.2875435 0.3965779
#> [3,] 0.3502264 0.3471344 0.3026392
#> 
#> $gamma[[1]][[58]]
#>           [,1]      [,2]      [,3]
#> [1,] 0.3493573 0.3420812 0.3085616
#> [2,] 0.3511339 0.2983693 0.3504968
#> [3,] 0.3259441 0.3741724 0.2998835
#> 
#> $gamma[[1]][[59]]
#>           [,1]      [,2]      [,3]
#> [1,] 0.3630707 0.3447255 0.2922038
#> [2,] 0.3694642 0.3029682 0.3275676
#> [3,] 0.3135918 0.3883843 0.2980239
#> 
#> $gamma[[1]][[60]]
#>           [,1]      [,2]      [,3]
#> [1,] 0.3130036 0.3327306 0.3542659
#> [2,] 0.3026821 0.2828129 0.4145050
#> [3,] 0.3595357 0.3370749 0.3033894
#> 
#> $gamma[[1]][[61]]
#>           [,1]      [,2]      [,3]
#> [1,] 0.3441207 0.3409451 0.3149341
#> [2,] 0.3441349 0.2964282 0.3594369
#> [3,] 0.3307051 0.3687782 0.3005166
#> 
#> $gamma[[1]][[62]]
#>           [,1]      [,2]      [,3]
#> [1,] 0.4313782 0.3030702 0.2655516
#> [2,] 0.4681394 0.2883961 0.2434645
#> [3,] 0.2895708 0.4240256 0.2864036
#> 
#> $gamma[[1]][[63]]
#>           [,1]      [,2]      [,3]
#> [1,] 0.3098064 0.3317424 0.3584513
#> [2,] 0.2984466 0.2812152 0.4203382
#> [3,] 0.3625534 0.3338495 0.3035971
#> 
#> $gamma[[1]][[64]]
#>           [,1]      [,2]      [,3]
#> [1,] 0.3496437 0.3421413 0.3082150
#> [2,] 0.3515168 0.2984726 0.3500106
#> [3,] 0.3256844 0.3744680 0.2998476
#> 
#> $gamma[[1]][[65]]
#>           [,1]      [,2]      [,3]
#> [1,] 0.4386163 0.3035005 0.2578831
#> [2,] 0.4771478 0.2888213 0.2340308
#> [3,] 0.2836614 0.4312499 0.2850888
#> 
#> $gamma[[1]][[66]]
#>           [,1]      [,2]      [,3]
#> [1,] 0.3247385 0.3361255 0.3391360
#> [2,] 0.3182739 0.2883623 0.3933638
#> [3,] 0.3485508 0.3489628 0.3024864
#> 
#> $gamma[[1]][[67]]
#>           [,1]      [,2]      [,3]
#> [1,] 0.3395620 0.3398989 0.3205391
#> [2,] 0.3380445 0.2946555 0.3673000
#> [3,] 0.3348704 0.3640966 0.3010330
#> 
#> $gamma[[1]][[68]]
#>           [,1]      [,2]      [,3]
#> [1,] 0.3733825 0.2959232 0.3306944
#> [2,] 0.3944662 0.2793190 0.3262148
#> [3,] 0.3379186 0.3676681 0.2944133
#> 
#> $gamma[[1]][[69]]
#>           [,1]      [,2]      [,3]
#> [1,] 0.3473060 0.3416445 0.3110495
#> [2,] 0.3483919 0.2976211 0.3539870
#> [3,] 0.3278062 0.3720573 0.3001366
#> 
#> $gamma[[1]][[70]]
#>           [,1]      [,2]      [,3]
#> [1,] 0.3908430 0.2987679 0.3103891
#> [2,] 0.4168843 0.2831217 0.2999940
#> [3,] 0.3231640 0.3843649 0.2924710
#> 
#> $gamma[[1]][[71]]
#>           [,1]      [,2]      [,3]
#> [1,] 0.3504146 0.3423020 0.3072834
#> [2,] 0.3525473 0.2987489 0.3487038
#> [3,] 0.3249858 0.3752637 0.2997505
#> 
#> $gamma[[1]][[72]]
#>           [,1]      [,2]      [,3]
#> [1,] 0.3052099 0.3302738 0.3645164
#> [2,] 0.2923687 0.2788544 0.4287769
#> [3,] 0.3669112 0.3292224 0.3038665
#> 
#> $gamma[[1]][[73]]
#>           [,1]      [,2]      [,3]
#> [1,] 0.3686304 0.2950450 0.3363245
#> [2,] 0.3883386 0.2781233 0.3335381
#> [3,] 0.3419667 0.3631611 0.2948722
#> 
#> $gamma[[1]][[74]]
#>           [,1]      [,2]      [,3]
#> [1,] 0.3827644 0.2975262 0.3197094
#> [2,] 0.4065325 0.2814776 0.3119899
#> [3,] 0.3299677 0.3766125 0.2934198
#> 
#> $gamma[[1]][[75]]
#>           [,1]      [,2]      [,3]
#> [1,] 0.3440724 0.2897919 0.3661357
#> [2,] 0.3565451 0.2708457 0.3726092
#> [3,] 0.3631291 0.3401055 0.2967655
#> 
#> $gamma[[1]][[76]]
#>           [,1]      [,2]      [,3]
#> [1,] 0.3244815 0.3360551 0.3394634
#> [2,] 0.3179318 0.2882461 0.3938221
#> [3,] 0.3487898 0.3487016 0.3025085
#> 
#> $gamma[[1]][[77]]
#>           [,1]      [,2]      [,3]
#> [1,] 0.3357834 0.3389912 0.3252254
#> [2,] 0.3329992 0.2931279 0.3738729
#> [3,] 0.3383376 0.3602261 0.3014363
#> 
#> $gamma[[1]][[78]]
#>           [,1]      [,2]      [,3]
#> [1,] 0.3308430 0.3377486 0.3314084
#> [2,] 0.3264078 0.2910514 0.3825407
#> [3,] 0.3428913 0.3551788 0.3019299
#> 
#> $gamma[[1]][[79]]
#>           [,1]      [,2]      [,3]
#> [1,] 0.3509718 0.3424173 0.3066108
#> [2,] 0.3532922 0.2989473 0.3477605
#> [3,] 0.3244812 0.3758392 0.2996797
#> 
#> $gamma[[1]][[80]]
#>           [,1]      [,2]      [,3]
#> [1,] 0.3262604 0.3365393 0.3372004
#> [2,] 0.3203005 0.2890454 0.3906541
#> [3,] 0.3471364 0.3505104 0.3023532
#> 
#> $gamma[[1]][[81]]
#>           [,1]      [,2]      [,3]
#> [1,] 0.3611072 0.3443761 0.2945167
#> [2,] 0.3668403 0.3023529 0.3308068
#> [3,] 0.3153503 0.3863417 0.2983080
#> 
#> $gamma[[1]][[82]]
#>           [,1]      [,2]      [,3]
#> [1,] 0.3898144 0.3485221 0.2616635
#> [2,] 0.4051113 0.3099064 0.2849823
#> [3,] 0.2899623 0.4164730 0.2935647
#> 
#> $gamma[[1]][[83]]
#>           [,1]      [,2]      [,3]
#> [1,] 0.3883067 0.3483554 0.2633379
#> [2,] 0.4031082 0.3095868 0.2873050
#> [3,] 0.2912788 0.4148760 0.2938452
#> 
#> $gamma[[1]][[84]]
#>           [,1]      [,2]      [,3]
#> [1,] 0.3246514 0.3361016 0.3392470
#> [2,] 0.3181579 0.2883229 0.3935192
#> [3,] 0.3486318 0.3488743 0.3024939
#> 
#> $gamma[[1]][[85]]
#>           [,1]      [,2]      [,3]
#> [1,] 0.3493917 0.3420884 0.3085198
#> [2,] 0.3511800 0.2983818 0.3504383
#> [3,] 0.3259129 0.3742080 0.2998792
#> 
#> $gamma[[1]][[86]]
#>           [,1]      [,2]      [,3]
#> [1,] 0.3547869 0.3431852 0.3020279
#> [2,] 0.3583923 0.3002742 0.3413335
#> [3,] 0.3210336 0.3797844 0.2991820
#> 
#> $gamma[[1]][[87]]
#>           [,1]      [,2]      [,3]
#> [1,] 0.3595256 0.2932375 0.3472369
#> [2,] 0.3765728 0.2756398 0.3477874
#> [3,] 0.3497641 0.3545681 0.2956677
#> 
#> $gamma[[1]][[88]]
#>           [,1]      [,2]      [,3]
#> [1,] 0.3177425 0.2828104 0.3994471
#> [2,] 0.3223494 0.2610035 0.4166471
#> [3,] 0.3863206 0.3157854 0.2978940
#> 
#> $gamma[[1]][[89]]
#>           [,1]      [,2]      [,3]
#> [1,] 0.3645201 0.2942494 0.3412305
#> [2,] 0.3830309 0.2770334 0.3399357
#> [3,] 0.3454800 0.3592751 0.2952449
#> 
#> $gamma[[1]][[90]]
#>           [,1]      [,2]      [,3]
#> [1,] 0.2919815 0.3257287 0.3822898
#> [2,] 0.2749632 0.2716454 0.4533914
#> [3,] 0.3795844 0.3159677 0.3044479
#> 
#> $gamma[[1]][[91]]
#>           [,1]      [,2]      [,3]
#> [1,] 0.3935105 0.2991498 0.3073397
#> [2,] 0.4202939 0.2836211 0.2960850
#> [3,] 0.3209258 0.3869353 0.2921388
#> 
#> $gamma[[1]][[92]]
#>           [,1]      [,2]      [,3]
#> [1,] 0.3612732 0.3444060 0.2943208
#> [2,] 0.3670622 0.3024055 0.3305323
#> [3,] 0.3152015 0.3865143 0.2982842
#> 
#> $gamma[[1]][[93]]
#>           [,1]      [,2]      [,3]
#> [1,] 0.3618508 0.2937148 0.3444344
#> [2,] 0.3795804 0.2762981 0.3441215
#> [3,] 0.3477676 0.3567574 0.2954750
#> 
#> $gamma[[1]][[94]]
#>           [,1]      [,2]      [,3]
#> [1,] 0.3765845 0.3468673 0.2765482
#> [2,] 0.3875036 0.3068105 0.3056859
#> [3,] 0.3015776 0.4025147 0.2959078
#> 
#> $gamma[[1]][[95]]
#>           [,1]      [,2]      [,3]
#> [1,] 0.3151612 0.3333821 0.3514567
#> [2,] 0.3055437 0.2838705 0.4105858
#> [3,] 0.3575052 0.3392548 0.3032400
#> 
#> $gamma[[1]][[96]]
#>           [,1]      [,2]      [,3]
#> [1,] 0.3627077 0.3446616 0.2926306
#> [2,] 0.3689792 0.3028556 0.3281652
#> [3,] 0.3139166 0.3880065 0.2980769
#> 
#> $gamma[[1]][[97]]
#>           [,1]      [,2]      [,3]
#> [1,] 0.3946109 0.3490147 0.2563745
#> [2,] 0.4114766 0.3108660 0.2776574
#> [3,] 0.2857862 0.4215648 0.2926490
#> 
#> $gamma[[1]][[98]]
#>           [,1]      [,2]      [,3]
#> [1,] 0.3587227 0.3439387 0.2973386
#> [2,] 0.3636535 0.3015862 0.3347603
#> [3,] 0.3174904 0.3838647 0.2986450
#> 
#> $gamma[[1]][[99]]
#>           [,1]      [,2]      [,3]
#> [1,] 0.3835201 0.2976478 0.3188321
#> [2,] 0.4075023 0.2816398 0.3108579
#> [3,] 0.3293297 0.3773356 0.2933347
#> 
#> $gamma[[1]][[100]]
#>           [,1]      [,2]      [,3]
#> [1,] 0.3199439 0.3347823 0.3452738
#> [2,] 0.3118956 0.2861550 0.4019494
#> [3,] 0.3530219 0.3440961 0.3028820
#> 
#> $gamma[[1]][[101]]
#>           [,1]      [,2]      [,3]
#> [1,] 0.3874726 0.3482608 0.2642665
#> [2,] 0.4019997 0.3094064 0.2885940
#> [3,] 0.2920079 0.4139931 0.2939989
#> 
#> $gamma[[1]][[102]]
#>           [,1]      [,2]      [,3]
#> [1,] 0.3451699 0.3411784 0.3136517
#> [2,] 0.3455371 0.2968253 0.3576377
#> [3,] 0.3297492 0.3698576 0.3003932
#> 
#> $gamma[[1]][[103]]
#>           [,1]      [,2]      [,3]
#> [1,] 0.3323040 0.3381226 0.3295734
#> [2,] 0.3283563 0.2916748 0.3799688
#> [3,] 0.3415422 0.3566698 0.3017879
#> 
#> $gamma[[1]][[104]]
#>           [,1]      [,2]      [,3]
#> [1,] 0.3212021 0.3351406 0.3436573
#> [2,] 0.3135683 0.2867423 0.3996893
#> [3,] 0.3518463 0.3453719 0.3027818
#> 
#> $gamma[[1]][[105]]
#>           [,1]      [,2]      [,3]
#> [1,] 0.3248951 0.2848469 0.3902580
#> [2,] 0.3316390 0.2638852 0.4044759
#> [3,] 0.3799643 0.3223546 0.2976811
#> 
#> $gamma[[1]][[106]]
#>           [,1]      [,2]      [,3]
#> [1,] 0.3243163 0.2846860 0.3909977
#> [2,] 0.3308871 0.2636577 0.4054552
#> [3,] 0.3804771 0.3218220 0.2977009
#> 
#> $gamma[[1]][[107]]
#>           [,1]      [,2]      [,3]
#> [1,] 0.3558626 0.3433950 0.3007423
#> [2,] 0.3598304 0.3006386 0.3395311
#> [3,] 0.3200638 0.3808986 0.2990376
#> 
#> $gamma[[1]][[108]]
#>           [,1]      [,2]      [,3]
#> [1,] 0.3937851 0.2991883 0.3070265
#> [2,] 0.4206447 0.2836713 0.2956840
#> [3,] 0.3206956 0.3872003 0.2921041
#> 
#> $gamma[[1]][[109]]
#>           [,1]      [,2]      [,3]
#> [1,] 0.3540121 0.3430322 0.3029557
#> [2,] 0.3573565 0.3000091 0.3426344
#> [3,] 0.3217327 0.3789823 0.2992849
#> 
#> $gamma[[1]][[110]]
#>           [,1]      [,2]      [,3]
#> [1,] 0.3216239 0.2839286 0.3944475
#> [2,] 0.3273899 0.2625864 0.4100237
#> [3,] 0.3828659 0.3193469 0.2977872
#> 
#> $gamma[[1]][[111]]
#>           [,1]      [,2]      [,3]
#> [1,] 0.3583397 0.3438671 0.2977932
#> [2,] 0.3631415 0.3014611 0.3353974
#> [3,] 0.3178346 0.3834671 0.2986983
#> 
#> $gamma[[1]][[112]]
#>           [,1]      [,2]      [,3]
#> [1,] 0.3345061 0.3386760 0.3268179
#> [2,] 0.3312945 0.2925997 0.3761059
#> [3,] 0.3395127 0.3589197 0.3015676
#> 
#> $gamma[[1]][[113]]
#>           [,1]      [,2]      [,3]
#> [1,] 0.3506233 0.3423453 0.3070314
#> [2,] 0.3528262 0.2988233 0.3483505
#> [3,] 0.3247968 0.3754792 0.2997240
#> 
#> $gamma[[1]][[114]]
#>           [,1]      [,2]      [,3]
#> [1,] 0.3446189 0.3410562 0.3143249
#> [2,] 0.3448006 0.2966172 0.3585822
#> [3,] 0.3302512 0.3692906 0.3004582
#> 
#> $gamma[[1]][[115]]
#>           [,1]      [,2]      [,3]
#> [1,] 0.3727564 0.3463071 0.2809366
#> [2,] 0.3823978 0.3057918 0.3118104
#> [3,] 0.3049653 0.3984990 0.2965357
#> 
#> $gamma[[1]][[116]]
#>           [,1]      [,2]      [,3]
#> [1,] 0.3625917 0.3446412 0.2927672
#> [2,] 0.3688241 0.3028195 0.3283564
#> [3,] 0.3140205 0.3878858 0.2980938
#> 
#> $gamma[[1]][[117]]
#>           [,1]      [,2]      [,3]
#> [1,] 0.3547019 0.2922132 0.3530849
#> [2,] 0.3703278 0.2742215 0.3554506
#> [3,] 0.3539179 0.3500375 0.2960446
#> 
#> $gamma[[1]][[118]]
#>           [,1]      [,2]      [,3]
#> [1,] 0.3432382 0.2895923 0.3671696
#> [2,] 0.3554624 0.2705662 0.3739714
#> [3,] 0.3638555 0.3393289 0.2968156
#> 
#> $gamma[[1]][[119]]
#>           [,1]      [,2]      [,3]
#> [1,] 0.3138679 0.3329931 0.3531390
#> [2,] 0.3038281 0.2832386 0.4129333
#> [3,] 0.3587217 0.3379478 0.3033305
#> 
#> $gamma[[1]][[120]]
#>           [,1]      [,2]      [,3]
#> [1,] 0.3242018 0.3359782 0.3398200
#> [2,] 0.3175594 0.2881193 0.3943212
#> [3,] 0.3490501 0.3484174 0.3025325
#> 
#> $gamma[[1]][[121]]
#>           [,1]      [,2]      [,3]
#> [1,] 0.3286186 0.3371684 0.3342130
#> [2,] 0.3234424 0.2900873 0.3864703
#> [3,] 0.3449493 0.3529112 0.3021395
#> 
#> $gamma[[1]][[122]]
#>           [,1]      [,2]      [,3]
#> [1,] 0.3088303 0.3314353 0.3597344
#> [2,] 0.2971549 0.2807202 0.4221250
#> [3,] 0.3634768 0.3328660 0.3036572
#> 
#> $gamma[[1]][[123]]
#>           [,1]      [,2]      [,3]
#> [1,] 0.3355107 0.3389242 0.3255651
#> [2,] 0.3326352 0.2930156 0.3743491
#> [3,] 0.3385883 0.3599471 0.3014646
#> 
#> $gamma[[1]][[124]]
#>           [,1]      [,2]      [,3]
#> [1,] 0.3809038 0.3474554 0.2716408
#> [2,] 0.3932593 0.3078937 0.2988471
#> [3,] 0.2977697 0.4070580 0.2951723
#> 
#> $gamma[[1]][[125]]
#>           [,1]      [,2]      [,3]
#> [1,] 0.3543550 0.3431001 0.3025449
#> [2,] 0.3578149 0.3001267 0.3420583
#> [3,] 0.3214232 0.3793373 0.2992395
#> 
#> $gamma[[1]][[126]]
#>           [,1]      [,2]      [,3]
#> [1,] 0.3621092 0.2937672 0.3441236
#> [2,] 0.3799146 0.2763702 0.3437151
#> [3,] 0.3475459 0.3570010 0.2954531
#> 
#> $gamma[[1]][[127]]
#>           [,1]      [,2]      [,3]
#> [1,] 0.3555668 0.3433376 0.3010955
#> [2,] 0.3594349 0.3005388 0.3400262
#> [3,] 0.3203304 0.3805921 0.2990775
#> 
#> $gamma[[1]][[128]]
#>           [,1]      [,2]      [,3]
#> [1,] 0.3621963 0.3445711 0.2932326
#> [2,] 0.3682958 0.3026960 0.3290082
#> [3,] 0.3143745 0.3874744 0.2981511
#> 
#> $gamma[[1]][[129]]
#>           [,1]      [,2]      [,3]
#> [1,] 0.3221395 0.3354049 0.3424556
#> [2,] 0.3148152 0.2871761 0.3980087
#> [3,] 0.3509715 0.3463230 0.3027054
#> 
#> $gamma[[1]][[130]]
#>           [,1]      [,2]      [,3]
#> [1,] 0.3693912 0.3457843 0.2848246
#> [2,] 0.3779062 0.3048507 0.3172431
#> [3,] 0.3079535 0.3949774 0.2970691
#> 
#> $gamma[[1]][[131]]
#>           [,1]      [,2]      [,3]
#> [1,] 0.3216322 0.3352622 0.3431057
#> [2,] 0.3141403 0.2869417 0.3989179
#> [3,] 0.3514449 0.3458082 0.3027469
#> 
#> $gamma[[1]][[132]]
#>           [,1]      [,2]      [,3]
#> [1,] 0.3716639 0.2956107 0.3327254
#> [2,] 0.3922513 0.2788945 0.3288542
#> [3,] 0.3393809 0.3660364 0.2945827
#> 
#> $gamma[[1]][[133]]
#>           [,1]      [,2]      [,3]
#> [1,] 0.3293168 0.3373519 0.3333313
#> [2,] 0.3243730 0.2903919 0.3852351
#> [3,] 0.3443028 0.3536226 0.3020745
#> 
#> $gamma[[1]][[134]]
#>           [,1]      [,2]      [,3]
#> [1,] 0.3260850 0.3364919 0.3374231
#> [2,] 0.3200669 0.2889671 0.3909660
#> [3,] 0.3472993 0.3503320 0.3023687
#> 
#> $gamma[[1]][[135]]
#>           [,1]      [,2]      [,3]
#> [1,] 0.3619567 0.3445284 0.2935149
#> [2,] 0.3679756 0.3026209 0.3294036
#> [3,] 0.3145891 0.3872251 0.2981858
#> 
#> $gamma[[1]][[136]]
#>           [,1]      [,2]      [,3]
#> [1,] 0.3831928 0.3477483 0.2690589
#> [2,] 0.3963069 0.3084392 0.2952539
#> [3,] 0.2957579 0.4094711 0.2947709
#> 
#> $gamma[[1]][[137]]
#>           [,1]      [,2]      [,3]
#> [1,] 0.3652651 0.3451045 0.2896304
#> [2,] 0.3723960 0.3036388 0.3239652
#> [3,] 0.3116304 0.3906703 0.2976994
#> 
#> $gamma[[1]][[138]]
#>           [,1]      [,2]      [,3]
#> [1,] 0.3510275 0.3424288 0.3065437
#> [2,] 0.3533667 0.2989670 0.3476663
#> [3,] 0.3244308 0.3758967 0.2996726
#> 
#> $gamma[[1]][[139]]
#>           [,1]      [,2]      [,3]
#> [1,] 0.3150828 0.3333586 0.3515585
#> [2,] 0.3054397 0.2838323 0.4107280
#> [3,] 0.3575789 0.3391755 0.3032456
#> 
#> $gamma[[1]][[140]]
#>           [,1]      [,2]      [,3]
#> [1,] 0.3367802 0.3392342 0.3239856
#> [2,] 0.3343299 0.2935360 0.3721341
#> [3,] 0.3374216 0.3612463 0.3013321
#> 
#> $gamma[[1]][[141]]
#>           [,1]      [,2]      [,3]
#> [1,] 0.3337539 0.3384884 0.3277578
#> [2,] 0.3302907 0.2922858 0.3774236
#> [3,] 0.3402054 0.3581508 0.3016437
#> 
#> $gamma[[1]][[142]]
#>           [,1]      [,2]      [,3]
#> [1,] 0.3815542 0.3475400 0.2709058
#> [2,] 0.3941255 0.3080507 0.2978238
#> [3,] 0.2971976 0.4077433 0.2950590
#> 
#> $gamma[[1]][[143]]
#>           [,1]      [,2]      [,3]
#> [1,] 0.3499432 0.3422039 0.3078529
#> [2,] 0.3519171 0.2985802 0.3495027
#> [3,] 0.3254129 0.3747771 0.2998100
#> 
#> $gamma[[1]][[144]]
#>           [,1]      [,2]      [,3]
#> [1,] 0.3894757 0.3484851 0.2620391
#> [2,] 0.4046615 0.3098353 0.2855032
#> [3,] 0.2902579 0.4161142 0.2936280
#> 
#> $gamma[[1]][[145]]
#>           [,1]      [,2]      [,3]
#> [1,] 0.3476600 0.3417206 0.3106193
#> [2,] 0.3488652 0.2977513 0.3533835
#> [3,] 0.3274845 0.3724221 0.3000934
#> 
#> $gamma[[1]][[146]]
#>           [,1]      [,2]      [,3]
#> [1,] 0.4023273 0.3003129 0.2973598
#> [2,] 0.4315304 0.2851182 0.2833513
#> [3,] 0.3135567 0.3954695 0.2909738
#> 
#> $gamma[[1]][[147]]
#>           [,1]      [,2]      [,3]
#> [1,] 0.3523248 0.3426939 0.3049813
#> [2,] 0.3551010 0.2994241 0.3454750
#> [3,] 0.3232570 0.3772373 0.2995057
#> 
#> $gamma[[1]][[148]]
#>           [,1]      [,2]      [,3]
#> [1,] 0.3473278 0.3416492 0.3110230
#> [2,] 0.3484211 0.2976291 0.3539498
#> [3,] 0.3277863 0.3720798 0.3001339
#> 
#> $gamma[[1]][[149]]
#>           [,1]      [,2]      [,3]
#> [1,] 0.3376139 0.3394355 0.3229506
#> [2,] 0.3354430 0.2938745 0.3706825
#> [3,] 0.3366563 0.3621000 0.3012437
#> 
#> $gamma[[1]][[150]]
#>           [,1]      [,2]      [,3]
#> [1,] 0.3604309 0.2934246 0.3461445
#> [2,] 0.3777441 0.2758981 0.3463579
#> [3,] 0.3489864 0.3554201 0.2955935
#> 
#> $gamma[[1]][[151]]
#>           [,1]      [,2]      [,3]
#> [1,] 0.3475272 0.2906037 0.3618690
#> [2,] 0.3610275 0.2719808 0.3669917
#> [3,] 0.3601262 0.3433260 0.2965478
#> 
#> $gamma[[1]][[152]]
#>           [,1]      [,2]      [,3]
#> [1,] 0.3359675 0.3390362 0.3249963
#> [2,] 0.3332449 0.2932036 0.3735515
#> [3,] 0.3381684 0.3604144 0.3014172
#> 
#> $gamma[[1]][[153]]
#>           [,1]      [,2]      [,3]
#> [1,] 0.3529225 0.3428146 0.3042630
#> [2,] 0.3558999 0.2996325 0.3444676
#> [3,] 0.3227168 0.3778551 0.2994280
#> 
#> $gamma[[1]][[154]]
#>           [,1]      [,2]      [,3]
#> [1,] 0.3814633 0.2973143 0.3212224
#> [2,] 0.4048618 0.2811943 0.3139439
#> [3,] 0.3310671 0.3753684 0.2935645
#> 
#> $gamma[[1]][[155]]
#>           [,1]      [,2]      [,3]
#> [1,] 0.3459571 0.3413515 0.3126913
#> [2,] 0.3465891 0.2971205 0.3562904
#> [3,] 0.3290326 0.3706679 0.3002994
#> 
#> $gamma[[1]][[156]]
#>           [,1]      [,2]      [,3]
#> [1,] 0.3394067 0.2886574 0.3719359
#> [2,] 0.3504884 0.2692552 0.3802564
#> [3,] 0.3671985 0.3357675 0.2970341
#> 
#> $gamma[[1]][[157]]
#>           [,1]      [,2]      [,3]
#> [1,] 0.3639389 0.3448769 0.2911842
#> [2,] 0.3706243 0.3032357 0.3261400
#> [3,] 0.3128152 0.3892884 0.2978964
#> 
#> $gamma[[1]][[158]]
#>           [,1]      [,2]      [,3]
#> [1,] 0.3905936 0.2987315 0.3106749
#> [2,] 0.4165653 0.2830739 0.3003608
#> [3,] 0.3233735 0.3841249 0.2925016
#> 
#> $gamma[[1]][[159]]
#>           [,1]      [,2]      [,3]
#> [1,] 0.3405887 0.2889490 0.3704623
#> [2,] 0.3520231 0.2696644 0.3783125
#> [3,] 0.3661660 0.3368652 0.2969688
#> 
#> $gamma[[1]][[160]]
#>           [,1]      [,2]      [,3]
#> [1,] 0.3488462 0.2909073 0.3602465
#> [2,] 0.3627381 0.2724045 0.3648574
#> [3,] 0.3589822 0.3445574 0.2964604
#> 
#> $gamma[[1]][[161]]
#>           [,1]      [,2]      [,3]
#> [1,] 0.3258445 0.3364268 0.3377287
#> [2,] 0.3197466 0.2888596 0.3913938
#> [3,] 0.3475227 0.3500874 0.3023900
#> 
#> $gamma[[1]][[162]]
#>           [,1]      [,2]      [,3]
#> [1,] 0.3774024 0.3469822 0.2756154
#> [2,] 0.3885940 0.3070210 0.3043850
#> [3,] 0.3008553 0.4033740 0.2957707
#> 
#> $gamma[[1]][[163]]
#>           [,1]      [,2]      [,3]
#> [1,] 0.3749120 0.2961964 0.3288916
#> [2,] 0.3964363 0.2796892 0.3238745
#> [3,] 0.3366186 0.3691221 0.2942593
#> 
#> $gamma[[1]][[164]]
#>           [,1]      [,2]      [,3]
#> [1,] 0.3743726 0.3465481 0.2790793
#> [2,] 0.3845540 0.3062286 0.3092174
#> [3,] 0.3035335 0.4001932 0.2962733
#> 
#> $gamma[[1]][[165]]
#>           [,1]      [,2]      [,3]
#> [1,] 0.3357731 0.3389886 0.3252382
#> [2,] 0.3329855 0.2931237 0.3738908
#> [3,] 0.3383470 0.3602156 0.3014374
#> 
#> $gamma[[1]][[166]]
#>           [,1]      [,2]      [,3]
#> [1,] 0.3609431 0.2935298 0.3455271
#> [2,] 0.3784066 0.2760431 0.3455503
#> [3,] 0.3485465 0.3559024 0.2955511
#> 
#> $gamma[[1]][[167]]
#>           [,1]      [,2]      [,3]
#> [1,] 0.3556812 0.3433599 0.3009589
#> [2,] 0.3595878 0.3005774 0.3398347
#> [3,] 0.3202273 0.3807106 0.2990621
#> 
#> $gamma[[1]][[168]]
#>           [,1]      [,2]      [,3]
#> [1,] 0.3508545 0.3423931 0.3067525
#> [2,] 0.3531353 0.2989056 0.3479591
#> [3,] 0.3245874 0.3757179 0.2996946
#> 
#> $gamma[[1]][[169]]
#>           [,1]      [,2]      [,3]
#> [1,] 0.3268311 0.3366929 0.3364761
#> [2,] 0.3210607 0.2892994 0.3896399
#> [3,] 0.3466066 0.3510911 0.3023023
#> 
#> $gamma[[1]][[170]]
#>           [,1]      [,2]      [,3]
#> [1,] 0.3447773 0.2899595 0.3652632
#> [2,] 0.3574598 0.2710803 0.3714599
#> [3,] 0.3625157 0.3407620 0.2967224
#> 
#> $gamma[[1]][[171]]
#>           [,1]      [,2]      [,3]
#> [1,] 0.3650143 0.3450618 0.2899239
#> [2,] 0.3720609 0.3035631 0.3243760
#> [3,] 0.3118543 0.3904088 0.2977368
#> 
#> $gamma[[1]][[172]]
#>           [,1]      [,2]      [,3]
#> [1,] 0.3795430 0.3472752 0.2731818
#> [2,] 0.3914467 0.3075600 0.3009933
#> [3,] 0.2989677 0.4056252 0.2954071
#> 
#> $gamma[[1]][[173]]
#>           [,1]      [,2]      [,3]
#> [1,] 0.3802159 0.2971079 0.3226762
#> [2,] 0.4032592 0.2809177 0.3158231
#> [3,] 0.3321222 0.3741767 0.2937012
#> 
#> $gamma[[1]][[174]]
#>           [,1]      [,2]      [,3]
#> [1,] 0.3218502 0.3353236 0.3428262
#> [2,] 0.3144304 0.2870426 0.3985270
#> [3,] 0.3512414 0.3460295 0.3027291
#> 
#> $gamma[[1]][[175]]
#>           [,1]      [,2]      [,3]
#> [1,] 0.3926367 0.3488188 0.2585444
#> [2,] 0.4088581 0.3104815 0.2806603
#> [3,] 0.2875028 0.4194671 0.2930301
#> 
#> $gamma[[1]][[176]]
#>           [,1]      [,2]      [,3]
#> [1,] 0.3770599 0.2965722 0.3263679
#> [2,] 0.3992011 0.2801970 0.3206018
#> [3,] 0.3347956 0.3711667 0.2940377
#> 
#> $gamma[[1]][[177]]
#>           [,1]      [,2]      [,3]
#> [1,] 0.3340816 0.3385703 0.3273481
#> [2,] 0.3307280 0.2924228 0.3768493
#> [3,] 0.3399035 0.3584858 0.3016107
#> 
#> $gamma[[1]][[178]]
#>           [,1]      [,2]      [,3]
#> [1,] 0.3836375 0.3478036 0.2685589
#> [2,] 0.3968987 0.3085429 0.2945584
#> [3,] 0.2953676 0.4099404 0.2946920
#> 
#> $gamma[[1]][[179]]
#>           [,1]      [,2]      [,3]
#> [1,] 0.3234644 0.3357745 0.3407612
#> [2,] 0.3165780 0.2877838 0.3956382
#> [3,] 0.3497367 0.3476682 0.3025951
#> 
#> $gamma[[1]][[180]]
#>           [,1]      [,2]      [,3]
#> [1,] 0.3130605 0.3327479 0.3541916
#> [2,] 0.3027576 0.2828410 0.4144014
#> [3,] 0.3594820 0.3371324 0.3033856
#> 
#> $gamma[[1]][[181]]
#>           [,1]      [,2]      [,3]
#> [1,] 0.3956997 0.2994528 0.3048475
#> [2,] 0.4230887 0.2840148 0.2928965
#> [3,] 0.3190920 0.3890488 0.2918592
#> 
#> $gamma[[1]][[182]]
#>           [,1]      [,2]      [,3]
#> [1,] 0.3791340 0.3472201 0.2736459
#> [2,] 0.3909017 0.3074583 0.3016399
#> [3,] 0.2993281 0.4051948 0.2954771
#> 
#> $gamma[[1]][[183]]
#>           [,1]      [,2]      [,3]
#> [1,] 0.3721313 0.3462121 0.2816566
#> [2,] 0.3815637 0.3056202 0.3128161
#> [3,] 0.3055196 0.3978443 0.2966361
#> 
#> $gamma[[1]][[184]]
#>           [,1]      [,2]      [,3]
#> [1,] 0.3422763 0.3405283 0.3171955
#> [2,] 0.3416704 0.2957202 0.3626094
#> [3,] 0.3323881 0.3668825 0.3007295
#> 
#> $gamma[[1]][[185]]
#>           [,1]      [,2]      [,3]
#> [1,] 0.3544691 0.3431226 0.3024083
#> [2,] 0.3579674 0.3001658 0.3418668
#> [3,] 0.3213203 0.3794554 0.2992243
#> 
#> $gamma[[1]][[186]]
#>           [,1]      [,2]      [,3]
#> [1,] 0.3003532 0.3286603 0.3709864
#> [2,] 0.2859626 0.2762788 0.4377585
#> [3,] 0.3715408 0.3243456 0.3041136
#> 
#> $gamma[[1]][[187]]
#>           [,1]      [,2]      [,3]
#> [1,] 0.3482759 0.2907765 0.3609477
#> [2,] 0.3619985 0.2722219 0.3657796
#> [3,] 0.3594767 0.3440248 0.2964985
#> 
#> $gamma[[1]][[188]]
#>           [,1]      [,2]      [,3]
#> [1,] 0.3645812 0.2942615 0.3411574
#> [2,] 0.3831098 0.2770500 0.3398402
#> [3,] 0.3454277 0.3593327 0.2952396
#> 
#> $gamma[[1]][[189]]
#>           [,1]      [,2]      [,3]
#> [1,] 0.3631059 0.3447317 0.2921624
#> [2,] 0.3695112 0.3029791 0.3275096
#> [3,] 0.3135603 0.3884210 0.2980188
#> 
#> $gamma[[1]][[190]]
#>           [,1]      [,2]      [,3]
#> [1,] 0.3615866 0.2936611 0.3447523
#> [2,] 0.3792388 0.2762241 0.3445371
#> [3,] 0.3479943 0.3565085 0.2954973
#> 
#> $gamma[[1]][[191]]
#>           [,1]      [,2]      [,3]
#> [1,] 0.3458028 0.2902015 0.3639957
#> [2,] 0.3587904 0.2714188 0.3697908
#> [3,] 0.3616240 0.3417176 0.2966584
#> 
#> $gamma[[1]][[192]]
#>           [,1]      [,2]      [,3]
#> [1,] 0.3420989 0.2893174 0.3685837
#> [2,] 0.3539836 0.2701811 0.3758354
#> [3,] 0.3648484 0.3382690 0.2968827
#> 
#> $gamma[[1]][[193]]
#>           [,1]      [,2]      [,3]
#> [1,] 0.3263189 0.2852398 0.3884413
#> [2,] 0.3334886 0.2644403 0.4020711
#> [3,] 0.3787042 0.3236655 0.2976303
#> 
#> $gamma[[1]][[194]]
#>           [,1]      [,2]      [,3]
#> [1,] 0.3599944 0.3441738 0.2958318
#> [2,] 0.3653532 0.3019978 0.3326490
#> [3,] 0.3163484 0.3851853 0.2984663
#> 
#> $gamma[[1]][[195]]
#>           [,1]      [,2]      [,3]
#> [1,] 0.3634396 0.2940347 0.3425258
#> [2,] 0.3816344 0.2767384 0.3416272
#> [3,] 0.3464055 0.3582553 0.2953392
#> 
#> $gamma[[1]][[196]]
#>           [,1]      [,2]      [,3]
#> [1,] 0.2848353 0.3230741 0.3920906
#> [2,] 0.2656231 0.2674987 0.4668781
#> [3,] 0.3865160 0.3088436 0.3046404
#> 
#> $gamma[[1]][[197]]
#>           [,1]      [,2]      [,3]
#> [1,] 0.3339039 0.3385259 0.3275702
#> [2,] 0.3304909 0.2923485 0.3771606
#> [3,] 0.3400672 0.3583042 0.3016286
#> 
#> $gamma[[1]][[198]]
#>           [,1]      [,2]      [,3]
#> [1,] 0.3749593 0.3466339 0.2784068
#> [2,] 0.3853365 0.3063847 0.3082788
#> [3,] 0.3030143 0.4008086 0.2961771
#> 
#> $gamma[[1]][[199]]
#>           [,1]      [,2]      [,3]
#> [1,] 0.3211800 0.2838023 0.3950177
#> [2,] 0.3268134 0.2624077 0.4107788
#> [3,] 0.3832603 0.3189393 0.2978005
#> 
#> $gamma[[1]][[200]]
#>           [,1]      [,2]      [,3]
#> [1,] 0.3730350 0.3463491 0.2806160
#> [2,] 0.3827695 0.3058678 0.3113627
#> [3,] 0.3047183 0.3987909 0.2964908
#> 
#> $gamma[[1]][[201]]
#>           [,1]      [,2]      [,3]
#> [1,] 0.3485316 0.3419067 0.3095617
#> [2,] 0.3500302 0.2980700 0.3518998
#> [3,] 0.3266932 0.3733207 0.2999861
#> 
#> $gamma[[1]][[202]]
#>           [,1]      [,2]      [,3]
#> [1,] 0.3619966 0.3445356 0.2934678
