
<!-- README.md is generated from README.Rmd. Please edit that file -->

# lizardHMM

<!-- badges: start -->

<!-- badges: end -->

The goal of lizardHMM is to fit lizard movement data with Hidden Markov
Models.

## Installation

You can install the released version of lizardHMM from
[CRAN](https://CRAN.R-project.org) with:

``` r
install.packages("lizardHMM")
```

And the development version from [GitHub](https://github.com/) with:

``` r
# install.packages("devtools")
devtools::install_github("simonecollier/lizardHMM")
```

## Example

Set up a basic HMM with data distributed according to normal state
dependent distributions. This HMM will have 3 states, 2 variables, 1
subject, and 2 covariates (included in the computation of the transition
probability matrix). We also define the design matrix which indicates
the values of the covariates at each point in time. Then we go about
generating data from this HMM.

``` r
library(lizardHMM)

hmm1 <- list(num_states = 3,
             num_variables = 2,
             num_subjects = 1,
             mu = list(matrix(c(12, 18, 22), ncol = 3, nrow = 1, byrow = TRUE), 
                       matrix(c(-12, -7, 0), ncol = 3, nrow = 1, byrow = TRUE)),
             sigma = list(matrix(c(3, 1, 1.5), ncol = 3, nrow = 1, byrow = TRUE), 
                          matrix(c(1, 3, 2), ncol = 3, nrow = 1, byrow = TRUE)),
             beta  = matrix(c(0.01, 0.02, 0.001,
                              0.01, 0.03, 0.004,
                              0.01, 0.01, 0.003,
                              0.01, 0.04, 0.002,
                              0.01, 0.01, 0.004,
                              0.01, 0.03, 0.001), ncol = 3, nrow = 6, byrow = TRUE),
             delta = list(c(0.3, 0.02, 0.5)))

num_sample <- 1000

design           <- list(matrix(0, nrow = 1000, ncol = 3))
design[[1]][, 1] <- 1 # First column is the intercept
design[[1]][, 2] <- sample(c(0, 1), size = 1000, 
                           prob = c(0.3, 0.7), replace = TRUE)
design[[1]][, 3] <- rnorm(1000, mean = 5, sd = 1)

sample <- norm_generate_sample(num_sample, hmm1, design)
x      <- sample$observ

timeseries_plot(x, sample$state, hmm1$num_subjects, hmm1$num_variables)
#> [[1]]
```

<img src="man/figures/README-HMM Setup-1.png" width="100%" />

    #> 
    #> [[2]]

<img src="man/figures/README-HMM Setup-2.png" width="100%" />

Now we can try fitting the data we generated with a basic HMM with
reasonable guesses for the initial parameters.

``` r
num_states = 3
num_variables = 2
num_subjects = 1
num_covariates = 2
mu0 <- list(matrix(c(11, 19, 23), ncol = 3, nrow = 1, byrow = TRUE),
            matrix(c(-10, -5, 1), ncol = 3, nrow = 1, byrow = TRUE))
sigma0 <- list(matrix(c(3, 3, 3), ncol = 3, nrow = 1, byrow = TRUE),
               matrix(c(3, 3, 3), ncol = 3, nrow = 1, byrow = TRUE))
beta0 <- matrix(c(-2, 0, 0,
                  -2, 0, 0,
                  -2, 0, 0,
                  -2, 0, 0,
                  -2, 0, 0,
                  -2, 0, 0), ncol = 3, nrow = 6, byrow = TRUE)
delta0 <- list(c(1/3, 1/3, 1/3))

hmm_fit <- norm_fit_hmm(x, design, num_states, num_variables, num_subjects,
                        num_covariates, mu0, sigma0, beta0, delta0,
                        iterlim = 200, hessian = TRUE)
hmm_fit
#> $num_states
#> [1] 3
#> 
#> $num_variables
#> [1] 2
#> 
#> $num_subjects
#> [1] 1
#> 
#> $num_covariates
#> [1] 2
#> 
#> $mu
#> $mu$`1`
#>          [,1]     [,2]     [,3]
#> [1,] 11.65943 18.00445 21.93779
#> 
#> $mu$`2`
#>          [,1]      [,2]       [,3]
#> [1,] -11.9909 -7.210377 0.05424031
#> 
#> 
#> $sigma
#> $sigma$`1`
#>          [,1]     [,2]    [,3]
#> [1,] 2.984526 1.029286 1.47528
#> 
#> $sigma$`2`
#>           [,1]     [,2]     [,3]
#> [1,] 0.9891522 2.784569 2.110073
#> 
#> 
#> $beta
#>             [,1]       [,2]         [,3]
#> [1,]  0.58203815  0.1301685 -0.089703379
#> [2,] -0.79033687  0.6885539  0.095810637
#> [3,] -1.07574841  0.2667676  0.185104972
#> [4,]  0.48417504  0.3050422 -0.092501548
#> [5,] -0.03674719 -0.1173151  0.001331672
#> [6,]  0.43173571 -0.5688313 -0.019351525
#> 
#> $delta
#> $delta[[1]]
#> [1] 9.999983e-01 8.384737e-07 8.384741e-07
#> 
#> 
#> $gamma
#> $gamma[[1]]
#> $gamma[[1]][[1]]
#>           [,1]      [,2]      [,3]
#> [1,] 0.2611908 0.2940969 0.4447123
#> [2,] 0.4085842 0.2695833 0.3218325
#> [3,] 0.3285855 0.2914613 0.3799532
#> 
#> $gamma[[1]][[2]]
#>           [,1]      [,2]      [,3]
#> [1,] 0.2662510 0.3529543 0.3807947
#> [2,] 0.3096472 0.2861355 0.4042173
#> [3,] 0.3246567 0.2990222 0.3763211
#> 
#> $gamma[[1]][[3]]
#>           [,1]      [,2]      [,3]
#> [1,] 0.2651108 0.3321287 0.4027604
#> [2,] 0.3426710 0.2817902 0.3755389
#> [3,] 0.3260220 0.2963915 0.3775866
#> 
#> $gamma[[1]][[4]]
#>           [,1]      [,2]      [,3]
#> [1,] 0.2605923 0.2898192 0.4495885
#> [2,] 0.4164398 0.2678482 0.3157120
#> [3,] 0.3288812 0.2908935 0.3802253
#> 
#> $gamma[[1]][[5]]
#>           [,1]      [,2]      [,3]
#> [1,] 0.2662816 0.3537621 0.3799563
#> [2,] 0.3084106 0.2862724 0.4053170
#> [3,] 0.3246042 0.2991235 0.3762723
#> 
#> $gamma[[1]][[6]]
#>           [,1]      [,2]      [,3]
#> [1,] 0.2658978 0.3450372 0.3890650
#> [2,] 0.3219430 0.2846702 0.3933867
#> [3,] 0.3251732 0.2980265 0.3768002
#> 
#> $gamma[[1]][[7]]
#>           [,1]      [,2]      [,3]
#> [1,] 0.3468117 0.4048152 0.2483731
#> [2,] 0.2872186 0.3486486 0.3641328
#> [3,] 0.2874790 0.4161677 0.2963533
#> 
#> $gamma[[1]][[8]]
#>           [,1]      [,2]      [,3]
#> [1,] 0.2667345 0.3819102 0.3513553
#> [2,] 0.2673714 0.2896370 0.4429915
#> [3,] 0.3227881 0.3026288 0.3745831
#> 
#> $gamma[[1]][[9]]
#>           [,1]      [,2]      [,3]
#> [1,] 0.2664524 0.3987620 0.3347856
#> [2,] 0.2446937 0.2904066 0.4648997
#> [3,] 0.3217108 0.3047110 0.3735782
#> 
#> $gamma[[1]][[10]]
#>           [,1]      [,2]      [,3]
#> [1,] 0.2643537 0.3225534 0.4130929
#> [2,] 0.3585895 0.2792497 0.3621608
#> [3,] 0.3266577 0.2951676 0.3781747
#> 
#> $gamma[[1]][[11]]
#>           [,1]      [,2]      [,3]
#> [1,] 0.2643416 0.3224148 0.4132436
#> [2,] 0.3588233 0.2792103 0.3619664
#> [3,] 0.3266669 0.2951499 0.3781832
#> 
#> $gamma[[1]][[12]]
#>           [,1]      [,2]      [,3]
#> [1,] 0.2618891 0.2994159 0.4386950
#> [2,] 0.3989385 0.2716365 0.3294250
#> [3,] 0.3282202 0.2921631 0.3796167
#> 
#> $gamma[[1]][[13]]
#>           [,1]      [,2]      [,3]
#> [1,] 0.3484863 0.3916056 0.2599081
#> [2,] 0.3077392 0.3453903 0.3468705
#> [3,] 0.2885747 0.4141103 0.2973151
#> 
#> $gamma[[1]][[14]]
#>           [,1]      [,2]      [,3]
#> [1,] 0.2655565 0.3388970 0.3955465
#> [2,] 0.3316977 0.2833772 0.3849251
#> [3,] 0.3255758 0.2972507 0.3771734
#> 
#> $gamma[[1]][[15]]
#>           [,1]      [,2]      [,3]
#> [1,] 0.3458207 0.4116441 0.2425353
#> [2,] 0.2769331 0.3500307 0.3730363
#> [3,] 0.2869137 0.4172297 0.2958566
#> 
#> $gamma[[1]][[16]]
#>           [,1]      [,2]      [,3]
#> [1,] 0.2593505 0.2816152 0.4590343
#> [2,] 0.4317468 0.2643091 0.3039441
#> [3,] 0.3294532 0.2897955 0.3807513
#> 
#> $gamma[[1]][[17]]
#>           [,1]      [,2]      [,3]
#> [1,] 0.2663168 0.3547270 0.3789562
#> [2,] 0.3069376 0.2864329 0.4066296
#> [3,] 0.3245415 0.2992445 0.3762141
#> 
#> $gamma[[1]][[18]]
#>           [,1]      [,2]      [,3]
#> [1,] 0.2665544 0.3948272 0.3386184
#> [2,] 0.2498637 0.2903065 0.4598298
#> [3,] 0.3219618 0.3042255 0.3738126
#> 
#> $gamma[[1]][[19]]
#>           [,1]      [,2]      [,3]
#> [1,] 0.3438722 0.4236719 0.2324559
#> [2,] 0.2593594 0.3519711 0.3886695
#> [3,] 0.2859191 0.4190991 0.2949818
#> 
#> $gamma[[1]][[20]]
#>           [,1]      [,2]      [,3]
#> [1,] 0.2651999 0.3333959 0.4014043
#> [2,] 0.3405990 0.2821003 0.3773007
#> [3,] 0.3259382 0.2965527 0.3775091
#> 
#> $gamma[[1]][[21]]
#>           [,1]      [,2]      [,3]
#> [1,] 0.3428632 0.4293532 0.2277836
#> [2,] 0.2513010 0.3526715 0.3960275
#> [3,] 0.2854494 0.4199823 0.2945683
#> 
#> $gamma[[1]][[22]]
#>           [,1]      [,2]      [,3]
#> [1,] 0.2654520 0.3372058 0.3973422
#> [2,] 0.3344179 0.2829966 0.3825855
#> [3,] 0.3256871 0.2970364 0.3772765
#> 
#> $gamma[[1]][[23]]
#>           [,1]      [,2]      [,3]
#> [1,] 0.2580531 0.2738171 0.4681298
#> [2,] 0.4465847 0.2606849 0.2927303
#> [3,] 0.3300035 0.2887398 0.3812567
#> 
#> $gamma[[1]][[24]]
#>           [,1]      [,2]      [,3]
#> [1,] 0.3517911 0.3399962 0.3082127
#> [2,] 0.3953840 0.3251169 0.2794991
#> [3,] 0.2929134 0.4059761 0.3011105
#> 
#> $gamma[[1]][[25]]
#>           [,1]      [,2]      [,3]
#> [1,] 0.2652711 0.3344375 0.4002914
#> [2,] 0.3389018 0.2823508 0.3787474
#> [3,] 0.3258695 0.2966851 0.3774454
#> 
#> $gamma[[1]][[26]]
#>           [,1]      [,2]      [,3]
#> [1,] 0.3368434 0.4583913 0.2047653
#> [2,] 0.2125615 0.3541473 0.4332912
#> [3,] 0.2830452 0.4245067 0.2924481
#> 
#> $gamma[[1]][[27]]
#>           [,1]      [,2]      [,3]
#> [1,] 0.3459636 0.4106942 0.2433422
#> [2,] 0.2783505 0.3498507 0.3717989
#> [3,] 0.2869923 0.4170820 0.2959257
#> 
#> $gamma[[1]][[28]]
#>           [,1]      [,2]      [,3]
#> [1,] 0.2663284 0.3550528 0.3786189
#> [2,] 0.3064414 0.2864863 0.4070723
#> [3,] 0.3245203 0.2992853 0.3761944
#> 
#> $gamma[[1]][[29]]
#>           [,1]      [,2]      [,3]
#> [1,] 0.2663590 0.3559378 0.3777032
#> [2,] 0.3050960 0.2866296 0.4082744
#> [3,] 0.3244628 0.2993962 0.3761410
#> 
#> $gamma[[1]][[30]]
#>           [,1]      [,2]      [,3]
#> [1,] 0.2662881 0.3539392 0.3797726
#> [2,] 0.3081398 0.2863021 0.4055581
#> [3,] 0.3245927 0.2991457 0.3762616
#> 
#> $gamma[[1]][[31]]
#>           [,1]      [,2]      [,3]
#> [1,] 0.2667273 0.3831971 0.3500756
#> [2,] 0.2655901 0.2897276 0.4446823
#> [3,] 0.3227056 0.3027881 0.3745063
#> 
#> $gamma[[1]][[32]]
#>           [,1]      [,2]      [,3]
#> [1,] 0.3461675 0.4093193 0.2445132
#> [2,] 0.2804097 0.3495831 0.3700071
#> [3,] 0.2871061 0.4168682 0.2960257
#> 
#> $gamma[[1]][[33]]
#>           [,1]      [,2]      [,3]
#> [1,] 0.2650113 0.3307543 0.4042344
#> [2,] 0.3449276 0.2814469 0.3736255
#> [3,] 0.3261129 0.2962164 0.3776707
#> 
#> $gamma[[1]][[34]]
#>           [,1]      [,2]      [,3]
#> [1,] 0.2664947 0.3972307 0.3362746
#> [2,] 0.2466967 0.2903733 0.4629300
#> [3,] 0.3218084 0.3045221 0.3736694
#> 
#> $gamma[[1]][[35]]
#>           [,1]      [,2]      [,3]
#> [1,] 0.2659067 0.3452116 0.3888817
#> [2,] 0.3216688 0.2847050 0.3936263
#> [3,] 0.3251618 0.2980485 0.3767897
#> 
#> $gamma[[1]][[36]]
#>           [,1]      [,2]      [,3]
#> [1,] 0.2651881 0.3332259 0.4015860
#> [2,] 0.3408764 0.2820591 0.3770645
#> [3,] 0.3259495 0.2965311 0.3775195
#> 
#> $gamma[[1]][[37]]
#>           [,1]      [,2]      [,3]
#> [1,] 0.2656398 0.4180529 0.3163073
#> [2,] 0.2204325 0.2902250 0.4893425
#> [3,] 0.3204822 0.3070882 0.3724296
#> 
#> $gamma[[1]][[38]]
#>           [,1]      [,2]      [,3]
#> [1,] 0.2644296 0.3234338 0.4121367
#> [2,] 0.3571068 0.2794979 0.3633954
#> [3,] 0.3265990 0.2952806 0.3781204
#> 
#> $gamma[[1]][[39]]
#>           [,1]      [,2]      [,3]
#> [1,] 0.2660003 0.4109179 0.3230818
#> [2,] 0.2291973 0.2904197 0.4803829
#> [3,] 0.3209363 0.3062093 0.3728544
#> 
#> $gamma[[1]][[40]]
#>           [,1]      [,2]      [,3]
#> [1,] 0.2657469 0.3421885 0.3920646
#> [2,] 0.3264449 0.2840875 0.3894676
#> [3,] 0.3253598 0.2976670 0.3769732
#> 
#> $gamma[[1]][[41]]
#>           [,1]      [,2]      [,3]
#> [1,] 0.2648330 0.3283895 0.4067775
#> [2,] 0.3488325 0.2808396 0.3703279
#> [3,] 0.3262695 0.2959147 0.3778157
#> 
#> $gamma[[1]][[42]]
#>           [,1]      [,2]      [,3]
#> [1,] 0.2652696 0.3344145 0.4003159
#> [2,] 0.3389392 0.2823453 0.3787155
#> [3,] 0.3258710 0.2966822 0.3774468
#> 
#> $gamma[[1]][[43]]
#>           [,1]      [,2]      [,3]
#> [1,] 0.2497648 0.2349584 0.5152767
#> [2,] 0.5244140 0.2387707 0.2368153
#> [3,] 0.3328617 0.2832663 0.3838720
#> 
#> $gamma[[1]][[44]]
#>           [,1]      [,2]      [,3]
#> [1,] 0.2637965 0.3164960 0.4197074
#> [2,] 0.3688969 0.2774605 0.3536426
#> [3,] 0.3270629 0.2943880 0.3785491
#> 
#> $gamma[[1]][[45]]
#>           [,1]      [,2]      [,3]
#> [1,] 0.3459309 0.4109123 0.2431568
#> [2,] 0.2780246 0.3498923 0.3720830
#> [3,] 0.2869743 0.4171159 0.2959098
#> 
#> $gamma[[1]][[46]]
#>           [,1]      [,2]      [,3]
#> [1,] 0.2551988 0.2586928 0.4861083
#> [2,] 0.4761346 0.2529236 0.2709419
#> [3,] 0.3310911 0.2866551 0.3822538
#> 
#> $gamma[[1]][[47]]
#>           [,1]      [,2]      [,3]
#> [1,] 0.3496864 0.3800137 0.2702999
#> [2,] 0.3264120 0.3418883 0.3316997
#> [3,] 0.2895397 0.4122993 0.2981610
#> 
#> $gamma[[1]][[48]]
#>           [,1]      [,2]      [,3]
#> [1,] 0.3461181 0.4096547 0.2442272
#> [2,] 0.2799065 0.3496492 0.3704443
#> [3,] 0.2870783 0.4169204 0.2960013
#> 
#> $gamma[[1]][[49]]
#>           [,1]      [,2]      [,3]
#> [1,] 0.2651716 0.3329896 0.4018388
#> [2,] 0.3412625 0.2820015 0.3767360
#> [3,] 0.3259651 0.2965010 0.3775339
#> 
#> $gamma[[1]][[50]]
#>           [,1]      [,2]      [,3]
#> [1,] 0.2661840 0.3512698 0.3825463
#> [2,] 0.3122369 0.2858426 0.4019205
#> [3,] 0.3247664 0.2988108 0.3764229
#> 
#> $gamma[[1]][[51]]
#>           [,1]      [,2]      [,3]
#> [1,] 0.2667413 0.3797304 0.3535284
#> [2,] 0.2704075 0.2894713 0.4401211
#> [3,] 0.3229278 0.3023588 0.3747134
#> 
#> $gamma[[1]][[52]]
#>           [,1]      [,2]      [,3]
#> [1,] 0.2667370 0.3813196 0.3519433
#> [2,] 0.2681916 0.2895937 0.4422147
#> [3,] 0.3228259 0.3025557 0.3746184
#> 
#> $gamma[[1]][[53]]
#>           [,1]      [,2]      [,3]
#> [1,] 0.2667030 0.3860333 0.3472637
#> [2,] 0.2616932 0.2899084 0.4483984
#> [3,] 0.3225240 0.3031390 0.3743370
#> 
#> $gamma[[1]][[54]]
#>           [,1]      [,2]      [,3]
#> [1,] 0.2663805 0.3565816 0.3770379
#> [2,] 0.3041198 0.2867321 0.4091481
#> [3,] 0.3244210 0.2994768 0.3761022
#> 
#> $gamma[[1]][[55]]
#>           [,1]      [,2]      [,3]
#> [1,] 0.3463462 0.4080952 0.2455586
#> [2,] 0.2822507 0.3493380 0.3684113
#> [3,] 0.2872074 0.4166779 0.2961147
#> 
#> $gamma[[1]][[56]]
#>           [,1]      [,2]      [,3]
#> [1,] 0.2646633 0.3262447 0.4090920
#> [2,] 0.3523984 0.2802704 0.3673312
#> [3,] 0.3264119 0.2956406 0.3779474
#> 
#> $gamma[[1]][[57]]
#>           [,1]      [,2]      [,3]
#> [1,] 0.2667293 0.3745271 0.3587436
#> [2,] 0.2777507 0.2890129 0.4332364
#> [3,] 0.3232620 0.3017134 0.3750246
#> 
#> $gamma[[1]][[58]]
#>           [,1]      [,2]      [,3]
#> [1,] 0.2665747 0.3939288 0.3394965
#> [2,] 0.2510547 0.2902770 0.4586684
#> [3,] 0.3220192 0.3041146 0.3738662
#> 
#> $gamma[[1]][[59]]
#>           [,1]      [,2]      [,3]
#> [1,] 0.2636313 0.3148178 0.4215509
#> [2,] 0.3717849 0.2769395 0.3512756
#> [3,] 0.3271756 0.2941711 0.3786532
#> 
#> $gamma[[1]][[60]]
#>           [,1]      [,2]      [,3]
#> [1,] 0.2607735 0.2910890 0.4481376
#> [2,] 0.4140988 0.2683711 0.3175301
#> [3,] 0.3287932 0.2910624 0.3801444
#> 
#> $gamma[[1]][[61]]
#>           [,1]      [,2]      [,3]
#> [1,] 0.2629359 0.3082269 0.4288371
#> [2,] 0.3832621 0.2747860 0.3419519
#> [3,] 0.3276203 0.2933160 0.3790637
#> 
#> $gamma[[1]][[62]]
#>           [,1]      [,2]      [,3]
#> [1,] 0.2657039 0.3414202 0.3928759
#> [2,] 0.3276662 0.2839253 0.3884086
#> [3,] 0.3254102 0.2975699 0.3770199
#> 
#> $gamma[[1]][[63]]
#>           [,1]      [,2]      [,3]
#> [1,] 0.2663723 0.3563343 0.3772933
#> [2,] 0.3044945 0.2866929 0.4088126
#> [3,] 0.3244371 0.2994458 0.3761171
#> 
#> $gamma[[1]][[64]]
#>           [,1]      [,2]      [,3]
#> [1,] 0.2599931 0.2857574 0.4542495
#> [2,] 0.4239788 0.2661309 0.3098903
#> [3,] 0.3291635 0.2903515 0.3804850
#> 
#> $gamma[[1]][[65]]
#>           [,1]      [,2]      [,3]
#> [1,] 0.2635066 0.3135827 0.4229107
#> [2,] 0.3739194 0.2765490 0.3495316
#> [3,] 0.3272587 0.2940113 0.3787299
#> 
#> $gamma[[1]][[66]]
#>           [,1]      [,2]      [,3]
#> [1,] 0.3340538 0.4699598 0.1959864
#> [2,] 0.1982685 0.3537871 0.4479444
#> [3,] 0.2820832 0.4263189 0.2915980
#> 
#> $gamma[[1]][[67]]
#>           [,1]      [,2]      [,3]
#> [1,] 0.2657949 0.4151508 0.3190543
#> [2,] 0.2239683 0.2903219 0.4857098
#> [3,] 0.3206669 0.3067307 0.3726024
#> 
#> $gamma[[1]][[68]]
#>           [,1]      [,2]      [,3]
#> [1,] 0.2658726 0.3445434 0.3895841
#> [2,] 0.3227206 0.2845713 0.3927081
#> [3,] 0.3252055 0.2979643 0.3768302
#> 
#> $gamma[[1]][[69]]
#>           [,1]      [,2]      [,3]
#> [1,] 0.3475938 0.3989594 0.2534468
#> [2,] 0.2962144 0.3472999 0.3564857
#> [3,] 0.2879643 0.4152563 0.2967794
#> 
#> $gamma[[1]][[70]]
#>           [,1]      [,2]      [,3]
#> [1,] 0.3489692 0.3872312 0.2637997
#> [2,] 0.3147136 0.3441397 0.3411467
#> [3,] 0.2889384 0.4134276 0.2976340
#> 
#> $gamma[[1]][[71]]
#>           [,1]      [,2]      [,3]
#> [1,] 0.2641296 0.3200364 0.4158340
#> [2,] 0.3628503 0.2785235 0.3586262
#> [3,] 0.3268258 0.2948442 0.3783300
#> 
#> $gamma[[1]][[72]]
#>           [,1]      [,2]      [,3]
#> [1,] 0.2646176 0.4335598 0.3018225
#> [2,] 0.2022109 0.2893073 0.5084818
#> [3,] 0.3194956 0.3089992 0.3715052
#> 
#> $gamma[[1]][[73]]
#>           [,1]      [,2]      [,3]
#> [1,] 0.2607445 0.2908845 0.4483710
#> [2,] 0.4144752 0.2682874 0.3172374
#> [3,] 0.3288074 0.2910352 0.3801574
#> 
#> $gamma[[1]][[74]]
#>           [,1]      [,2]      [,3]
#> [1,] 0.2650957 0.3319164 0.4029879
#> [2,] 0.3430190 0.2817376 0.3752434
#> [3,] 0.3260360 0.2963644 0.3775996
#> 
#> $gamma[[1]][[75]]
#>           [,1]      [,2]      [,3]
#> [1,] 0.2640897 0.3195998 0.4163105
#> [2,] 0.3635926 0.2783950 0.3580124
#> [3,] 0.3268550 0.2947880 0.3783570
#> 
#> $gamma[[1]][[76]]
#>           [,1]      [,2]      [,3]
#> [1,] 0.3458568 0.4114050 0.2427382
#> [2,] 0.2772894 0.3499857 0.3727249
#> [3,] 0.2869335 0.4171925 0.2958740
#> 
#> $gamma[[1]][[77]]
#>           [,1]      [,2]      [,3]
#> [1,] 0.3491025 0.3859619 0.2649356
#> [2,] 0.3167536 0.3437608 0.3394856
#> [3,] 0.2890440 0.4132294 0.2977266
#> 
#> $gamma[[1]][[78]]
#>           [,1]      [,2]      [,3]
#> [1,] 0.3464048 0.4076901 0.2459052
#> [2,] 0.2828615 0.3492554 0.3678831
#> [3,] 0.2872410 0.4166149 0.2961442
#> 
#> $gamma[[1]][[79]]
#>           [,1]      [,2]      [,3]
#> [1,] 0.2649462 0.3298766 0.4051772
#> [2,] 0.3463736 0.2812240 0.3724024
#> [3,] 0.3261710 0.2961045 0.3777245
#> 
#> $gamma[[1]][[80]]
#>           [,1]      [,2]      [,3]
#> [1,] 0.2616722 0.2977221 0.4406057
#> [2,] 0.4019954 0.2709952 0.3270095
#> [3,] 0.3283362 0.2919401 0.3797236
#> 
#> $gamma[[1]][[81]]
#>           [,1]      [,2]      [,3]
#> [1,] 0.2652106 0.3335517 0.4012377
#> [2,] 0.3403447 0.2821380 0.3775172
#> [3,] 0.3259280 0.2965725 0.3774996
#> 
#> $gamma[[1]][[82]]
#>           [,1]      [,2]      [,3]
#> [1,] 0.3500712 0.3756536 0.2742751
#> [2,] 0.3335930 0.3404142 0.3259928
#> [3,] 0.2899037 0.4116164 0.2984799
#> 
#> $gamma[[1]][[83]]
#>           [,1]      [,2]      [,3]
#> [1,] 0.3509939 0.3627104 0.2862958
#> [2,] 0.3554041 0.3355303 0.3090656
#> [3,] 0.2909888 0.4095817 0.2994295
#> 
#> $gamma[[1]][[84]]
#>           [,1]      [,2]      [,3]
#> [1,] 0.2661422 0.3502722 0.3835856
#> [2,] 0.3137773 0.2856643 0.4005584
#> [3,] 0.3248314 0.2986854 0.3764832
#> 
#> $gamma[[1]][[85]]
#>           [,1]      [,2]      [,3]
#> [1,] 0.2601308 0.2866725 0.4531967
#> [2,] 0.4222735 0.2665238 0.3112028
#> [3,] 0.3290998 0.2904739 0.3804264
#> 
#> $gamma[[1]][[86]]
#>           [,1]      [,2]      [,3]
#> [1,] 0.2665084 0.3608911 0.3726005
#> [2,] 0.2976393 0.2873808 0.4149799
#> [3,] 0.3241417 0.3000157 0.3758427
#> 
#> $gamma[[1]][[87]]
#>           [,1]      [,2]      [,3]
#> [1,] 0.2642018 0.3208349 0.4149632
#> [2,] 0.3614952 0.2787565 0.3597483
#> [3,] 0.3267724 0.2949469 0.3782807
#> 
#> $gamma[[1]][[88]]
#>           [,1]      [,2]      [,3]
#> [1,] 0.2655678 0.3390842 0.3953480
#> [2,] 0.3313975 0.2834186 0.3851839
#> [3,] 0.3255635 0.2972744 0.3771620
#> 
#> $gamma[[1]][[89]]
#>           [,1]      [,2]      [,3]
#> [1,] 0.2623127 0.3028454 0.4348419
#> [2,] 0.3927918 0.2728995 0.3343087
#> [3,] 0.3279859 0.2926132 0.3794008
#> 
#> $gamma[[1]][[90]]
#>           [,1]      [,2]      [,3]
#> [1,] 0.2667262 0.3833606 0.3499132
#> [2,] 0.2653644 0.2897387 0.4448969
#> [3,] 0.3226951 0.3028084 0.3744965
#> 
#> $gamma[[1]][[91]]
#>           [,1]      [,2]      [,3]
#> [1,] 0.3445822 0.4194690 0.2359488
#> [2,] 0.2654210 0.3513641 0.3832148
#> [3,] 0.2862666 0.4184459 0.2952875
#> 
#> $gamma[[1]][[92]]
#>           [,1]      [,2]      [,3]
#> [1,] 0.2639618 0.3182254 0.4178128
#> [2,] 0.3659355 0.2779858 0.3560786
#> [3,] 0.3269470 0.2946110 0.3784420
#> 
#> $gamma[[1]][[93]]
#>           [,1]      [,2]      [,3]
#> [1,] 0.2665171 0.3612271 0.3722558
#> [2,] 0.2971380 0.2874286 0.4154333
#> [3,] 0.3241199 0.3000576 0.3758225
#> 
#> $gamma[[1]][[94]]
#>           [,1]      [,2]      [,3]
#> [1,] 0.2653326 0.3353573 0.3993101
#> [2,] 0.3374077 0.2825685 0.3800238
#> [3,] 0.3258088 0.2968019 0.3773893
#> 
#> $gamma[[1]][[95]]
#>           [,1]      [,2]      [,3]
#> [1,] 0.2634119 0.3126608 0.4239273
#> [2,] 0.3755174 0.2762536 0.3482290
#> [3,] 0.3273208 0.2938919 0.3787873
#> 
#> $gamma[[1]][[96]]
#>           [,1]      [,2]      [,3]
#> [1,] 0.2653922 0.3362695 0.3983383
#> [2,] 0.3359301 0.2827814 0.3812885
#> [3,] 0.3257487 0.2969177 0.3773336
#> 
#> $gamma[[1]][[97]]
#>           [,1]      [,2]      [,3]
#> [1,] 0.2658236 0.4145887 0.3195877
#> [2,] 0.2246578 0.2903379 0.4850043
#> [3,] 0.3207026 0.3066615 0.3726359
#> 
#> $gamma[[1]][[98]]
#>           [,1]      [,2]      [,3]
#> [1,] 0.2652645 0.3343396 0.4003959
#> [2,] 0.3390611 0.2823274 0.3786115
#> [3,] 0.3258760 0.2966726 0.3774514
#> 
#> $gamma[[1]][[99]]
#>           [,1]      [,2]      [,3]
#> [1,] 0.2660428 0.3480300 0.3859273
#> [2,] 0.3172578 0.2852506 0.3974916
#> [3,] 0.3249776 0.2984035 0.3766189
#> 
#> $gamma[[1]][[100]]
#>           [,1]      [,2]      [,3]
#> [1,] 0.2634135 0.3126764 0.4239101
#> [2,] 0.3754904 0.2762586 0.3482510
#> [3,] 0.3273198 0.2938939 0.3787863
#> 
#> $gamma[[1]][[101]]
#>           [,1]      [,2]      [,3]
#> [1,] 0.2663347 0.4025184 0.3311469
#> [2,] 0.2398286 0.2904580 0.4697135
#> [3,] 0.3214712 0.3051742 0.3733545
#> 
#> $gamma[[1]][[102]]
#>           [,1]      [,2]      [,3]
#> [1,] 0.2655334 0.3385161 0.3959505
#> [2,] 0.3323091 0.2832924 0.3843985
#> [3,] 0.3256009 0.2972025 0.3771966
#> 
#> $gamma[[1]][[103]]
#>           [,1]      [,2]      [,3]
#> [1,] 0.3388045 0.4496522 0.2115433
#> [2,] 0.2237891 0.3540668 0.4221442
#> [3,] 0.2837699 0.4231422 0.2930879
#> 
#> $gamma[[1]][[104]]
#>           [,1]      [,2]      [,3]
#> [1,] 0.2650741 0.3316166 0.4033092
#> [2,] 0.3435107 0.2816631 0.3748262
#> [3,] 0.3260558 0.2963263 0.3776179
#> 
#> $gamma[[1]][[105]]
#>           [,1]      [,2]      [,3]
#> [1,] 0.2598641 0.2849092 0.4552267
#> [2,] 0.4255630 0.2657637 0.3086733
#> [3,] 0.3292227 0.2902379 0.3805394
#> 
#> $gamma[[1]][[106]]
#>           [,1]      [,2]      [,3]
#> [1,] 0.2665603 0.3945695 0.3388702
#> [2,] 0.2502049 0.2902983 0.4594968
#> [3,] 0.3219783 0.3041937 0.3738280
#> 
#> $gamma[[1]][[107]]
#>           [,1]      [,2]      [,3]
#> [1,] 0.2657583 0.3423961 0.3918456
#> [2,] 0.3261154 0.2841310 0.3897536
#> [3,] 0.3253462 0.2976933 0.3769606
#> 
#> $gamma[[1]][[108]]
#>           [,1]      [,2]      [,3]
#> [1,] 0.2667417 0.3793353 0.3539229
#> [2,] 0.2709603 0.2894397 0.4396001
#> [3,] 0.3229532 0.3023098 0.3747370
#> 
#> $gamma[[1]][[109]]
#>           [,1]      [,2]      [,3]
#> [1,] 0.3473754 0.4006428 0.2519818
#> [2,] 0.2936118 0.3477031 0.3586850
#> [3,] 0.2878247 0.4155184 0.2966569
#> 
#> $gamma[[1]][[110]]
#>           [,1]      [,2]      [,3]
#> [1,] 0.2628000 0.3070151 0.4301849
#> [2,] 0.3853957 0.2743712 0.3402330
#> [3,] 0.3277025 0.2931581 0.3791394
#> 
#> $gamma[[1]][[111]]
#>           [,1]      [,2]      [,3]
#> [1,] 0.2663561 0.4018803 0.3317636
#> [2,] 0.2406502 0.2904523 0.4688976
#> [3,] 0.3215119 0.3050956 0.3733925
#> 
#> $gamma[[1]][[112]]
#>           [,1]      [,2]      [,3]
#> [1,] 0.3511061 0.3607215 0.2881724
#> [2,] 0.3588197 0.3347123 0.3064680
#> [3,] 0.2911562 0.4092679 0.2995759
#> 
#> $gamma[[1]][[113]]
#>           [,1]      [,2]      [,3]
#> [1,] 0.2665552 0.3627670 0.3706778
#> [2,] 0.2948477 0.2876430 0.4175093
#> [3,] 0.3240203 0.3002498 0.3757299
#> 
#> $gamma[[1]][[114]]
#>           [,1]      [,2]      [,3]
#> [1,] 0.2620993 0.3010966 0.4368041
#> [2,] 0.3959191 0.2722614 0.3318195
#> [3,] 0.3281053 0.2923839 0.3795108
#> 
#> $gamma[[1]][[115]]
#>           [,1]      [,2]      [,3]
#> [1,] 0.2659663 0.3464151 0.3876187
#> [2,] 0.3197804 0.2849415 0.3952782
#> [3,] 0.3250831 0.2982002 0.3767167
#> 
#> $gamma[[1]][[116]]
#>           [,1]      [,2]      [,3]
#> [1,] 0.2651192 0.3322461 0.4026347
#> [2,] 0.3424787 0.2818191 0.3757021
#> [3,] 0.3260142 0.2964064 0.3775794
#> 
#> $gamma[[1]][[117]]
#>           [,1]      [,2]      [,3]
#> [1,] 0.2649905 0.3304722 0.4045373
#> [2,] 0.3453919 0.2813756 0.3732325
#> [3,] 0.3261315 0.2961805 0.3776880
#> 
#> $gamma[[1]][[118]]
#>           [,1]      [,2]      [,3]
#> [1,] 0.2659528 0.3461389 0.3879083
#> [2,] 0.3202131 0.2848877 0.3948992
#> [3,] 0.3251012 0.2981654 0.3767334
#> 
#> $gamma[[1]][[119]]
#>           [,1]      [,2]      [,3]
#> [1,] 0.3458800 0.4112512 0.2428689
#> [2,] 0.2775188 0.3499567 0.3725245
#> [3,] 0.2869462 0.4171686 0.2958852
#> 
#> $gamma[[1]][[120]]
#>           [,1]      [,2]      [,3]
#> [1,] 0.3479475 0.3961432 0.2559094
#> [2,] 0.3005982 0.3465971 0.3528047
#> [3,] 0.2881979 0.4148176 0.2969845
#> 
#> $gamma[[1]][[121]]
#>           [,1]      [,2]      [,3]
#> [1,] 0.3474839 0.3998115 0.2527046
#> [2,] 0.2948954 0.3475056 0.3575991
#> [3,] 0.2878936 0.4153889 0.2967174
#> 
#> $gamma[[1]][[122]]
#>           [,1]      [,2]      [,3]
#> [1,] 0.2651955 0.3333328 0.4014717
#> [2,] 0.3407020 0.2820850 0.3772130
#> [3,] 0.3259424 0.2965447 0.3775129
#> 
#> $gamma[[1]][[123]]
#>           [,1]      [,2]      [,3]
#> [1,] 0.2667420 0.3784343 0.3548237
#> [2,] 0.2722239 0.2893655 0.4384106
#> [3,] 0.3230110 0.3021981 0.3747909
#> 
#> $gamma[[1]][[124]]
#>           [,1]      [,2]      [,3]
#> [1,] 0.2622107 0.3020036 0.4357857
#> [2,] 0.3942952 0.2725939 0.3331109
#> [3,] 0.3280433 0.2925029 0.3794537
#> 
#> $gamma[[1]][[125]]
#>           [,1]      [,2]      [,3]
#> [1,] 0.2654206 0.3367110 0.3978685
#> [2,] 0.3352166 0.2828833 0.3819002
#> [3,] 0.3257196 0.2969737 0.3773067
#> 
#> $gamma[[1]][[126]]
#>           [,1]      [,2]      [,3]
#> [1,] 0.2666635 0.3683475 0.3649891
#> [2,] 0.2866480 0.2883515 0.4250006
#> [3,] 0.3236599 0.3009453 0.3753948
#> 
#> $gamma[[1]][[127]]
#>           [,1]      [,2]      [,3]
#> [1,] 0.2667124 0.3723293 0.3609583
#> [2,] 0.2808931 0.2887923 0.4303146
#> [3,] 0.3234034 0.3014404 0.3751562
#> 
#> $gamma[[1]][[128]]
#>           [,1]      [,2]      [,3]
#> [1,] 0.2652564 0.3342203 0.4005232
#> [2,] 0.3392552 0.2822989 0.3784459
#> [3,] 0.3258838 0.2966575 0.3774587
#> 
#> $gamma[[1]][[129]]
#>           [,1]      [,2]      [,3]
#> [1,] 0.3504290 0.3711610 0.2784100
#> [2,] 0.3410807 0.3388053 0.3201141
#> [3,] 0.2902796 0.4109115 0.2988090
#> 
#> $gamma[[1]][[130]]
#>           [,1]      [,2]      [,3]
#> [1,] 0.2657630 0.3424819 0.3917551
#> [2,] 0.3259793 0.2841489 0.3898718
#> [3,] 0.3253405 0.2977041 0.3769554
#> 
#> $gamma[[1]][[131]]
#>           [,1]      [,2]      [,3]
#> [1,] 0.2639629 0.3182364 0.4178008
#> [2,] 0.3659168 0.2779891 0.3560941
#> [3,] 0.3269462 0.2946124 0.3784413
#> 
#> $gamma[[1]][[132]]
#>           [,1]      [,2]      [,3]
#> [1,] 0.3518182 0.3362665 0.3119153
#> [2,] 0.4021449 0.3231829 0.2746722
#> [3,] 0.2932325 0.4053787 0.3013888
#> 
#> $gamma[[1]][[133]]
#>           [,1]      [,2]      [,3]
#> [1,] 0.2583189 0.2753597 0.4663214
#> [2,] 0.4436277 0.2614221 0.2949502
#> [3,] 0.3298941 0.2889496 0.3811563
#> 
#> $gamma[[1]][[134]]
#>           [,1]      [,2]      [,3]
#> [1,] 0.2646890 0.3265630 0.4087480
#> [2,] 0.3518677 0.2803560 0.3677762
#> [3,] 0.3263908 0.2956813 0.3779279
#> 
#> $gamma[[1]][[135]]
#>           [,1]      [,2]      [,3]
#> [1,] 0.2573317 0.2697596 0.4729087
#> [2,] 0.4544140 0.2586980 0.2868881
#> [3,] 0.3302925 0.2881856 0.3815219
#> 
#> $gamma[[1]][[136]]
#>           [,1]      [,2]      [,3]
#> [1,] 0.2651040 0.3320328 0.4028632
#> [2,] 0.3428282 0.2817664 0.3754053
#> [3,] 0.3260283 0.2963792 0.3775925
#> 
#> $gamma[[1]][[137]]
#>           [,1]      [,2]      [,3]
#> [1,] 0.2665597 0.3945995 0.3388408
#> [2,] 0.2501651 0.2902993 0.4595356
#> [3,] 0.3219764 0.3041974 0.3738262
#> 
#> $gamma[[1]][[138]]
#>           [,1]      [,2]      [,3]
#> [1,] 0.2628781 0.3077088 0.4294130
#> [2,] 0.3841734 0.2746094 0.3412172
#> [3,] 0.3276554 0.2932485 0.3790960
#> 
#> $gamma[[1]][[139]]
#>           [,1]      [,2]      [,3]
#> [1,] 0.3476758 0.3983166 0.2540076
#> [2,] 0.2972118 0.3471426 0.3556457
#> [3,] 0.2880176 0.4151562 0.2968262
#> 
#> $gamma[[1]][[140]]
#>           [,1]      [,2]      [,3]
#> [1,] 0.2664039 0.4003871 0.3332090
#> [2,] 0.2425804 0.2904341 0.4669855
#> [3,] 0.3216071 0.3049114 0.3734814
#> 
#> $gamma[[1]][[141]]
#>           [,1]      [,2]      [,3]
#> [1,] 0.3476907 0.3981993 0.2541100
#> [2,] 0.2973940 0.3471136 0.3554923
#> [3,] 0.2880273 0.4151379 0.2968348
#> 
#> $gamma[[1]][[142]]
#>           [,1]      [,2]      [,3]
#> [1,] 0.2608046 0.2913092 0.4478862
#> [2,] 0.4136936 0.2684611 0.3178453
#> [3,] 0.3287780 0.2910917 0.3801303
#> 
#> $gamma[[1]][[143]]
#>           [,1]      [,2]      [,3]
#> [1,] 0.2662892 0.3539665 0.3797444
#> [2,] 0.3080982 0.2863067 0.4055951
#> [3,] 0.3245909 0.2991491 0.3762600
#> 
#> $gamma[[1]][[144]]
#>           [,1]      [,2]      [,3]
#> [1,] 0.2652961 0.3348090 0.3998949
#> [2,] 0.3382979 0.2824391 0.3792630
#> [3,] 0.3258450 0.2967323 0.3774227
#> 
#> $gamma[[1]][[145]]
#>           [,1]      [,2]      [,3]
#> [1,] 0.2663247 0.3549488 0.3787265
#> [2,] 0.3065997 0.2864693 0.4069310
#> [3,] 0.3245271 0.2992723 0.3762007
#> 
#> $gamma[[1]][[146]]
#>           [,1]      [,2]      [,3]
#> [1,] 0.2665016 0.3606377 0.3728607
#> [2,] 0.2980177 0.2873444 0.4146378
#> [3,] 0.3241581 0.2999840 0.3758579
#> 
#> $gamma[[1]][[147]]
#>           [,1]      [,2]      [,3]
#> [1,] 0.2665664 0.3632495 0.3701840
#> [2,] 0.2941324 0.2877085 0.4181591
#> [3,] 0.3239891 0.3003101 0.3757009
#> 
#> $gamma[[1]][[148]]
#>           [,1]      [,2]      [,3]
#> [1,] 0.2639860 0.4413088 0.2947052
#> [2,] 0.1935223 0.2886047 0.5178730
#> [3,] 0.3190022 0.3099556 0.3710422
#> 
#> $gamma[[1]][[149]]
#>           [,1]      [,2]      [,3]
#> [1,] 0.3482776 0.3934017 0.2583207
#> [2,] 0.3049012 0.3458790 0.3492198
#> [3,] 0.2884255 0.4143903 0.2971842
#> 
#> $gamma[[1]][[150]]
#>           [,1]      [,2]      [,3]
#> [1,] 0.2667417 0.3793936 0.3538647
#> [2,] 0.2708787 0.2894444 0.4396770
#> [3,] 0.3229495 0.3023170 0.3747335
#> 
#> $gamma[[1]][[151]]
#>           [,1]      [,2]      [,3]
#> [1,] 0.3462557 0.4087173 0.2450269
#> [2,] 0.2813141 0.3494634 0.3692225
#> [3,] 0.2871559 0.4167746 0.2960695
#> 
#> $gamma[[1]][[152]]
#>           [,1]      [,2]      [,3]
#> [1,] 0.2625820 0.3051176 0.4323004
#> [2,] 0.3887509 0.2737101 0.3375390
#> [3,] 0.3278313 0.2929105 0.3792582
#> 
#> $gamma[[1]][[153]]
#>           [,1]      [,2]      [,3]
#> [1,] 0.2654438 0.3370769 0.3974793
#> [2,] 0.3346259 0.2829672 0.3824070
#> [3,] 0.3256956 0.2970201 0.3772843
#> 
#> $gamma[[1]][[154]]
#>           [,1]      [,2]      [,3]
#> [1,] 0.2665196 0.3613234 0.3721570
#> [2,] 0.2969944 0.2874423 0.4155633
#> [3,] 0.3241137 0.3000696 0.3758167
#> 
#> $gamma[[1]][[155]]
#>           [,1]      [,2]      [,3]
#> [1,] 0.3497347 0.3794891 0.2707763
#> [2,] 0.3272716 0.3417155 0.3310129
#> [3,] 0.2895834 0.4122172 0.2981994
#> 
#> $gamma[[1]][[156]]
#>           [,1]      [,2]      [,3]
#> [1,] 0.2655153 0.3382222 0.3962625
#> [2,] 0.3327814 0.2832266 0.3839920
#> [3,] 0.3256202 0.2971653 0.3772145
#> 
#> $gamma[[1]][[157]]
#>           [,1]      [,2]      [,3]
#> [1,] 0.2665830 0.3639942 0.3694228
#> [2,] 0.2930311 0.2878079 0.4191610
#> [3,] 0.3239409 0.3004029 0.3756561
#> 
#> $gamma[[1]][[158]]
#>           [,1]      [,2]      [,3]
#> [1,] 0.2649508 0.3299381 0.4051111
#> [2,] 0.3462722 0.2812397 0.3724881
#> [3,] 0.3261669 0.2961124 0.3777207
#> 
#> $gamma[[1]][[159]]
#>           [,1]      [,2]      [,3]
#> [1,] 0.2660142 0.4106124 0.3233734
#> [2,] 0.2295781 0.2904248 0.4799972
#> [3,] 0.3209557 0.3061717 0.3728726
#> 
#> $gamma[[1]][[160]]
#>           [,1]      [,2]      [,3]
#> [1,] 0.3439477 0.4232333 0.2328190
#> [2,] 0.2599879 0.3519113 0.3881007
#> [3,] 0.2859553 0.4190310 0.2950137
#> 
#> $gamma[[1]][[161]]
#>           [,1]      [,2]      [,3]
#> [1,] 0.3440116 0.4228607 0.2331276
#> [2,] 0.2605227 0.3518599 0.3876174
#> [3,] 0.2859861 0.4189731 0.2950408
#> 
#> $gamma[[1]][[162]]
#>           [,1]      [,2]      [,3]
#> [1,] 0.2644147 0.3232598 0.4123255
#> [2,] 0.3573995 0.2794490 0.3631515
#> [3,] 0.3266106 0.2952583 0.3781311
#> 
#> $gamma[[1]][[163]]
#>           [,1]      [,2]      [,3]
#> [1,] 0.3517715 0.3415129 0.3067157
#> [2,] 0.3926500 0.3258853 0.2814647
#> [3,] 0.2927839 0.4062185 0.3009976
#> 
#> $gamma[[1]][[164]]
#>           [,1]      [,2]      [,3]
#> [1,] 0.2651192 0.3322457 0.4026351
#> [2,] 0.3424794 0.2818190 0.3757016
#> [3,] 0.3260142 0.2964063 0.3775794
#> 
#> $gamma[[1]][[165]]
#>           [,1]      [,2]      [,3]
#> [1,] 0.3506856 0.3675810 0.2817333
#> [2,] 0.3471108 0.3374575 0.3154317
#> [3,] 0.2905796 0.4103488 0.2990716
#> 
#> $gamma[[1]][[166]]
#>           [,1]      [,2]      [,3]
#> [1,] 0.2646868 0.3265356 0.4087776
#> [2,] 0.3519134 0.2803487 0.3677379
#> [3,] 0.3263926 0.2956778 0.3779296
#> 
#> $gamma[[1]][[167]]
#>           [,1]      [,2]      [,3]
#> [1,] 0.3464329 0.4074943 0.2460728
#> [2,] 0.2831570 0.3492152 0.3676278
#> [3,] 0.2872572 0.4165844 0.2961584
#> 
#> $gamma[[1]][[168]]
#>           [,1]      [,2]      [,3]
#> [1,] 0.2656176 0.4184526 0.3159298
#> [2,] 0.2199486 0.2902098 0.4898416
#> [3,] 0.3204568 0.3071374 0.3724058
#> 
#> $gamma[[1]][[169]]
#>           [,1]      [,2]      [,3]
#> [1,] 0.2663124 0.3546035 0.3790841
#> [2,] 0.3071259 0.2864125 0.4064616
#> [3,] 0.3245495 0.2992290 0.3762215
#> 
#> $gamma[[1]][[170]]
#>           [,1]      [,2]      [,3]
#> [1,] 0.2644119 0.3232275 0.4123606
#> [2,] 0.3574538 0.2794400 0.3631062
#> [3,] 0.3266128 0.2952541 0.3781331
#> 
#> $gamma[[1]][[171]]
#>           [,1]      [,2]      [,3]
#> [1,] 0.3515216 0.3514824 0.2969959
#> [2,] 0.3749042 0.3306762 0.2944196
#> [3,] 0.2919365 0.4078058 0.3002577
#> 
#> $gamma[[1]][[172]]
#>           [,1]      [,2]      [,3]
#> [1,] 0.2666771 0.3881675 0.3451554
#> [2,] 0.2587872 0.2900274 0.4511854
#> [3,] 0.3223874 0.3034029 0.3742097
#> 
#> $gamma[[1]][[173]]
#>           [,1]      [,2]      [,3]
#> [1,] 0.2640209 0.3188558 0.4171234
#> [2,] 0.3648598 0.2781744 0.3569658
#> [3,] 0.3269048 0.2946922 0.3784030
#> 
#> $gamma[[1]][[174]]
#>           [,1]      [,2]      [,3]
#> [1,] 0.2630137 0.3089305 0.4280558
#> [2,] 0.3820267 0.2750240 0.3429492
#> [3,] 0.3275727 0.2934076 0.3790197
#> 
#> $gamma[[1]][[175]]
#>           [,1]      [,2]      [,3]
#> [1,] 0.3437766 0.4242241 0.2319993
#> [2,] 0.2585692 0.3520453 0.3893855
#> [3,] 0.2858734 0.4191850 0.2949416
#> 
#> $gamma[[1]][[176]]
#>           [,1]      [,2]      [,3]
#> [1,] 0.2646304 0.3258394 0.4095302
#> [2,] 0.3530748 0.2801609 0.3667642
#> [3,] 0.3264389 0.2955888 0.3779723
#> 
#> $gamma[[1]][[177]]
#>           [,1]      [,2]      [,3]
#> [1,] 0.3467196 0.4054747 0.2478056
#> [2,] 0.2862156 0.3487910 0.3649934
#> [3,] 0.2874244 0.4162703 0.2963053
#> 
#> $gamma[[1]][[178]]
#>           [,1]      [,2]      [,3]
#> [1,] 0.2616864 0.2978312 0.4404824
#> [2,] 0.4017980 0.2710368 0.3271652
#> [3,] 0.3283288 0.2919545 0.3797167
#> 
#> $gamma[[1]][[179]]
#>           [,1]      [,2]      [,3]
#> [1,] 0.2667284 0.3830265 0.3502451
#> [2,] 0.2658258 0.2897159 0.4444583
#> [3,] 0.3227165 0.3027670 0.3745165
#> 
#> $gamma[[1]][[180]]
#>           [,1]      [,2]      [,3]
#> [1,] 0.2666271 0.3913108 0.3420621
#> [2,] 0.2545481 0.2901765 0.4552754
#> [3,] 0.3221864 0.3037913 0.3740222
#> 
#> $gamma[[1]][[181]]
#>           [,1]      [,2]      [,3]
#> [1,] 0.2666360 0.3666802 0.3666838
#> [2,] 0.2890813 0.2881509 0.4227677
#> [3,] 0.3237675 0.3007377 0.3754948
#> 
#> $gamma[[1]][[182]]
#>           [,1]      [,2]      [,3]
#> [1,] 0.2625676 0.3049937 0.4324387
#> [2,] 0.3889706 0.2736665 0.3373630
#> [3,] 0.3278397 0.2928943 0.3792660
#> 
#> $gamma[[1]][[183]]
#>           [,1]      [,2]      [,3]
#> [1,] 0.2654832 0.3377035 0.3968133
#> [2,] 0.3336159 0.2831097 0.3832744
#> [3,] 0.3256543 0.2970995 0.3772462
#> 
#> $gamma[[1]][[184]]
#>           [,1]      [,2]      [,3]
#> [1,] 0.2667294 0.3828700 0.3504006
#> [2,] 0.2660421 0.2897051 0.4442529
#> [3,] 0.3227265 0.3027476 0.3745258
#> 
#> $gamma[[1]][[185]]
#>           [,1]      [,2]      [,3]
#> [1,] 0.2647804 0.3277143 0.4075053
#> [2,] 0.3499525 0.2806623 0.3693852
#> [3,] 0.3263143 0.2958285 0.3778571
#> 
#> $gamma[[1]][[186]]
#>           [,1]      [,2]      [,3]
#> [1,] 0.2638269 0.3168100 0.4193631
#> [2,] 0.3683582 0.2775567 0.3540851
#> [3,] 0.3270419 0.2944285 0.3785297
#> 
#> $gamma[[1]][[187]]
#>           [,1]      [,2]      [,3]
#> [1,] 0.2658366 0.3438521 0.3903114
#> [2,] 0.3238110 0.2844314 0.3917576
#> [3,] 0.3252508 0.2978771 0.3768722
#> 
#> $gamma[[1]][[188]]
#>           [,1]      [,2]      [,3]
#> [1,] 0.2656527 0.3405228 0.3938246
#> [2,] 0.3290964 0.2837330 0.3871706
#> [3,] 0.3254690 0.2974565 0.3770745
#> 
#> $gamma[[1]][[189]]
#>           [,1]      [,2]      [,3]
#> [1,] 0.2662431 0.3527496 0.3810073
#> [2,] 0.3099612 0.2861004 0.4039384
#> [3,] 0.3246700 0.2989965 0.3763334
#> 
#> $gamma[[1]][[190]]
#>           [,1]      [,2]      [,3]
#> [1,] 0.2644288 0.3234253 0.4121459
#> [2,] 0.3571211 0.2794955 0.3633835
#> [3,] 0.3265996 0.2952795 0.3781209
#> 
#> $gamma[[1]][[191]]
#>           [,1]      [,2]      [,3]
#> [1,] 0.2657864 0.3429127 0.3913009
#> [2,] 0.3252966 0.2842385 0.3904650
#> [3,] 0.3253123 0.2977585 0.3769292
#> 
#> $gamma[[1]][[192]]
#>           [,1]      [,2]      [,3]
#> [1,] 0.2664380 0.3584030 0.3751591
#> [2,] 0.3013695 0.2870142 0.4116164
#> [3,] 0.3243029 0.2997047 0.3759925
#> 
#> $gamma[[1]][[193]]
#>           [,1]      [,2]      [,3]
#> [1,] 0.2603321 0.2880297 0.4516383
#> [2,] 0.4197517 0.2671000 0.3131483
#> [3,] 0.3290054 0.2906551 0.3803396
#> 
#> $gamma[[1]][[194]]
#>           [,1]      [,2]      [,3]
#> [1,] 0.3501511 0.3746927 0.2751563
#> [2,] 0.3351870 0.3400778 0.3247352
#> [3,] 0.2899840 0.4114657 0.2985502
#> 
#> $gamma[[1]][[195]]
#>           [,1]      [,2]      [,3]
#> [1,] 0.2640082 0.3187203 0.4172715
#> [2,] 0.3650909 0.2781340 0.3567751
#> [3,] 0.3269138 0.2946748 0.3784114
#> 
#> $gamma[[1]][[196]]
#>           [,1]      [,2]      [,3]
#> [1,] 0.2620447 0.3006562 0.4372991
#> [2,] 0.3967090 0.2720987 0.3311923
#> [3,] 0.3281354 0.2923261 0.3795385
#> 
#> $gamma[[1]][[197]]
#>           [,1]      [,2]      [,3]
#> [1,] 0.2645058 0.3243338 0.4111603
#> [2,] 0.3555948 0.2797485 0.3646567
#> [3,] 0.3265391 0.2953960 0.3780650
#> 
#> $gamma[[1]][[198]]
#>           [,1]      [,2]      [,3]
#> [1,] 0.3433118 0.4268665 0.2298218
#> [2,] 0.2548089 0.3523819 0.3928092
#> [3,] 0.2856550 0.4195957 0.2947493
#> 
#> $gamma[[1]][[199]]
#>           [,1]      [,2]      [,3]
#> [1,] 0.2666408 0.3669562 0.3664029
#> [2,] 0.2886775 0.2881848 0.4231377
#> [3,] 0.3237496 0.3007721 0.3754783
#> 
#> $gamma[[1]][[200]]
#>           [,1]      [,2]      [,3]
#> [1,] 0.2662659 0.3533438 0.3803904
#> [2,] 0.3090506 0.2862018 0.4047476
#> [3,] 0.3246314 0.2990710 0.3762976
#> 
#> $gamma[[1]][[201]]
#>           [,1]      [,2]      [,3]
#> [1,] 0.3453041 0.4149923 0.2397036
#> [2,] 0.2719712 0.3506338 0.3773950
#> [3,] 0.2866367 0.4177502 0.2956131
#> 
#> $gamma[[1]][[202]]
#>           [,1]      [,2]      [,3]
#> [1,] 0.2557297 0.2613312 0.4829392
#> [2,] 0.4709085 0.2543475 0.2747439
