
<!-- README.md is generated from README.Rmd. Please edit that file -->

# lizardHMM

<!-- badges: start -->

<!-- badges: end -->

The goal of lizardHMM is to fit lizard movement data with Hidden Markov
Models.

## Installation

You can install the released version of lizardHMM from
[CRAN](https://CRAN.R-project.org) with:

``` r
install.packages("lizardHMM")
```

And the development version from [GitHub](https://github.com/) with:

``` r
# install.packages("devtools")
devtools::install_github("simonecollier/lizardHMM")
```

## Example

Set up a basic HMM with data distributed according to normal state
dependent distributions. This HMM will have 3 states, 2 variables, 1
subject, and 2 covariates (included in the computation of the transition
probability matrix). We also define the design matrix which indicates
the values of the covariates at each point in time. Then we go about
generating data from this HMM.

``` r
library(lizardHMM)

hmm1 <- list(num_states = 3,
             num_variables = 2,
             num_subjects = 1,
             mu = list(matrix(c(12, 18, 22), ncol = 3, nrow = 1, byrow = TRUE), 
                       matrix(c(-12, -7, 0), ncol = 3, nrow = 1, byrow = TRUE)),
             sigma = list(matrix(c(3, 1, 1.5), ncol = 3, nrow = 1, byrow = TRUE), 
                          matrix(c(1, 3, 2), ncol = 3, nrow = 1, byrow = TRUE)),
             beta  = matrix(c(1, 2, 0.1,
                              1, 2.5, 0.4,
                              1, 4, 1,
                              1, 4.2, 1.2,
                              1, 5, 2,
                              1, 5.1, 2.4), ncol = 3, nrow = 6, byrow = TRUE),
             delta = list(c(0.3, 0.2, 0.5)))

num_sample <- 1000

design           <- list(matrix(0, nrow = 1000, ncol = 3))
design[[1]][, 1] <- 1 # First column is the intercept
design[[1]][, 2] <- sample(c(0, 1), size = 1000, 
                           prob = c(0.3, 0.7), replace = TRUE)
design[[1]][, 3] <- rnorm(1000, mean = 10, sd = 2)

# norm_gamma(hmm1$num_states, hmm1$num_subjects, num_sample, hmm1$beta, design)

sample <- norm_generate_sample(num_sample, hmm1, design)
x      <- sample$observ

timeseries_plot(x, sample$state, hmm1$num_subjects, hmm1$num_variables)
#> [[1]]
```

<img src="man/figures/README-HMM Setup-1.png" width="100%" />

    #> 
    #> [[2]]

<img src="man/figures/README-HMM Setup-2.png" width="100%" />

Now we can try fitting the data we generated with a basic HMM with
reasonable guesses for the initial parameters.

``` r
num_states = 3
num_variables = 2
num_subjects = 1
num_covariates = 2
mu0 <- list(matrix(c(11, 19, 23), ncol = 3, nrow = 1, byrow = TRUE),
            matrix(c(-10, -5, 1), ncol = 3, nrow = 1, byrow = TRUE))
sigma0 <- list(matrix(c(3, 3, 3), ncol = 3, nrow = 1, byrow = TRUE),
               matrix(c(3, 3, 3), ncol = 3, nrow = 1, byrow = TRUE))
beta0 <- matrix(c(-2, 0, 0,
                  -2, 0, 0,
                  -2, 0, 0,
                  -2, 0, 0,
                  -2, 0, 0,
                  -2, 0, 0), ncol = 3, nrow = 6, byrow = TRUE)
delta0 <- list(c(1/3, 1/3, 1/3))

hmm_fit <- norm_fit_hmm(x, design, num_states, num_variables, num_subjects,
                        num_covariates, mu0, sigma0, beta0, delta0)
hmm_fit
#> $num_states
#> [1] 3
#> 
#> $num_variables
#> [1] 2
#> 
#> $num_subjects
#> [1] 1
#> 
#> $mu
#> $mu$`1`
#>          [,1]     [,2]     [,3]
#> [1,] 11.99833 17.92331 21.99874
#> 
#> $mu$`2`
#>           [,1]      [,2]       [,3]
#> [1,] -12.01295 -7.179727 -0.1170044
#> 
#> 
#> $sigma
#> $sigma$`1`
#>          [,1]     [,2]     [,3]
#> [1,] 2.992316 1.070102 1.537512
#> 
#> $sigma$`2`
#>          [,1]     [,2]     [,3]
#> [1,] 1.014068 2.903451 1.959476
#> 
#> 
#> $delta
#> $delta[[1]]
#> [1] 0.2366561 0.1525518 0.6107921
#> 
#> 
#> $beta
#>            [,1]        [,2]         [,3]
#> [1,] -1.0346929 -0.18251017  0.109811634
#> [2,]  0.6787172 -0.22741468 -0.039875753
#> [3,] -1.8469672  0.27078867  0.150757858
#> [4,] -1.2749128  0.44026624  0.094478839
#> [5,]  0.2626257  0.20884263 -0.036908660
#> [6,] -0.3093608  0.08056445  0.005781872
#> 
#> $gamma
#> $gamma[[1]]
#> $gamma[[1]][[1]]
#>           [,1]      [,2]      [,3]
#> [1,] 0.3340150 0.3257781 0.3402070
#> [2,] 0.3246127 0.3055219 0.3698654
#> [3,] 0.3675296 0.2900443 0.3424261
#> 
#> $gamma[[1]][[2]]
#>           [,1]      [,2]      [,3]
#> [1,] 0.3382280 0.3089887 0.3527833
#> [2,] 0.3117265 0.3209753 0.3672982
#> [3,] 0.3730267 0.2869870 0.3399862
#> 
#> $gamma[[1]][[3]]
#>           [,1]      [,2]      [,3]
#> [1,] 0.2896743 0.3404921 0.3698336
#> [2,] 0.3138000 0.3850265 0.3011734
#> [3,] 0.3280538 0.2947942 0.3771520
#> 
#> $gamma[[1]][[4]]
#>           [,1]      [,2]      [,3]
#> [1,] 0.3410112 0.2971419 0.3618469
#> [2,] 0.3024883 0.3323550 0.3651567
#> [3,] 0.3770190 0.2847746 0.3382063
#> 
#> $gamma[[1]][[5]]
#>           [,1]      [,2]      [,3]
#> [1,] 0.2743200 0.4025672 0.3231128
#> [2,] 0.3621485 0.3276433 0.3102082
#> [3,] 0.3107239 0.3043819 0.3848943
#> 
#> $gamma[[1]][[6]]
#>           [,1]      [,2]      [,3]
#> [1,] 0.3356507 0.3194025 0.3449468
#> [2,] 0.3197468 0.3113004 0.3689527
#> [3,] 0.3695961 0.2888935 0.3415104
#> 
#> $gamma[[1]][[7]]
#>           [,1]      [,2]      [,3]
#> [1,] 0.2889190 0.3438859 0.3671951
#> [2,] 0.3164881 0.3817027 0.3018092
#> [3,] 0.3270625 0.2953384 0.3775991
#> 
#> $gamma[[1]][[8]]
#>           [,1]      [,2]      [,3]
#> [1,] 0.3409484 0.2974172 0.3616344
#> [2,] 0.3027044 0.3320859 0.3652097
#> [3,] 0.3769251 0.2848266 0.3382483
#> 
#> $gamma[[1]][[9]]
#>           [,1]      [,2]      [,3]
#> [1,] 0.3222235 0.3677954 0.3099811
#> [2,] 0.3559205 0.2699427 0.3741368
#> [3,] 0.3544607 0.2973651 0.3481742
#> 
#> $gamma[[1]][[10]]
#>           [,1]      [,2]      [,3]
#> [1,] 0.3316379 0.3347634 0.3335987
#> [2,] 0.3314159 0.2975567 0.3710274
#> [3,] 0.3646577 0.2916466 0.3436956
#> 
#> $gamma[[1]][[11]]
#>           [,1]      [,2]      [,3]
#> [1,] 0.3149766 0.3911503 0.2938731
#> [2,] 0.3728195 0.2518532 0.3753273
#> [3,] 0.3475391 0.3012732 0.3511877
#> 
#> $gamma[[1]][[12]]
#>           [,1]      [,2]      [,3]
#> [1,] 0.3538909 0.2251912 0.4209179
#> [2,] 0.2433187 0.4116091 0.3450722
#> [3,] 0.4039488 0.2700183 0.3260329
#> 
#> $gamma[[1]][[13]]
#>           [,1]      [,2]      [,3]
#> [1,] 0.3074280 0.2303506 0.4622214
#> [2,] 0.2229366 0.5075590 0.2695044
#> [3,] 0.3646292 0.2750442 0.3603266
#> 
#> $gamma[[1]][[14]]
#>           [,1]      [,2]      [,3]
#> [1,] 0.3342303 0.3249481 0.3408215
#> [2,] 0.3239812 0.3062681 0.3697508
#> [3,] 0.3677972 0.2898952 0.3423076
#> 
#> $gamma[[1]][[15]]
#>           [,1]      [,2]      [,3]
#> [1,] 0.3378112 0.3107064 0.3514825
#> [2,] 0.3130557 0.3193588 0.3675854
#> [3,] 0.3724560 0.2873039 0.3402401
#> 
#> $gamma[[1]][[16]]
#>           [,1]      [,2]      [,3]
#> [1,] 0.3404810 0.2994534 0.3600656
#> [2,] 0.3043007 0.3301024 0.3655969
#> [3,] 0.3762322 0.2852102 0.3385576
#> 
#> $gamma[[1]][[17]]
#>           [,1]      [,2]      [,3]
#> [1,] 0.3527022 0.2342883 0.4130096
#> [2,] 0.2511272 0.4004837 0.3483891
#> [3,] 0.4002303 0.2720391 0.3277306
#> 
#> $gamma[[1]][[18]]
#>           [,1]      [,2]      [,3]
#> [1,] 0.3445290 0.2810150 0.3744559
#> [2,] 0.2897040 0.3485283 0.3617677
#> [3,] 0.3826237 0.2816798 0.3356965
#> 
#> $gamma[[1]][[19]]
#>           [,1]      [,2]      [,3]
#> [1,] 0.2977993 0.3001680 0.4020327
#> [2,] 0.2813980 0.4263902 0.2922118
#> [3,] 0.3403368 0.2880914 0.3715718
#> 
#> $gamma[[1]][[20]]
#>           [,1]      [,2]      [,3]
#> [1,] 0.3293048 0.3432986 0.3273967
#> [2,] 0.3378215 0.2901770 0.3720015
#> [3,] 0.3619711 0.2931489 0.3448800
#> 
#> $gamma[[1]][[21]]
#>           [,1]      [,2]      [,3]
#> [1,] 0.3432141 0.2872188 0.3695672
#> [2,] 0.2946514 0.3422101 0.3631386
#> [3,] 0.3804431 0.2828824 0.3366745
#> 
#> $gamma[[1]][[22]]
#>           [,1]      [,2]      [,3]
#> [1,] 0.3531934 0.2306623 0.4161442
#> [2,] 0.2480275 0.4048745 0.3470980
#> [3,] 0.4016993 0.2712402 0.3270605
#> 
#> $gamma[[1]][[23]]
#>           [,1]      [,2]      [,3]
#> [1,] 0.3407395 0.2983297 0.3609308
#> [2,] 0.3034202 0.3311955 0.3653843
#> [3,] 0.3766142 0.2849987 0.3383871
#> 
#> $gamma[[1]][[24]]
#>           [,1]      [,2]      [,3]
#> [1,] 0.3375217 0.3118911 0.3505872
#> [2,] 0.3139710 0.3182488 0.3677802
#> [3,] 0.3720635 0.2875218 0.3404147
#> 
#> $gamma[[1]][[25]]
#>           [,1]      [,2]      [,3]
#> [1,] 0.3473454 0.2668316 0.3858230
#> [2,] 0.2782475 0.3634531 0.3582994
#> [3,] 0.3877346 0.2788687 0.3333967
#> 
#> $gamma[[1]][[26]]
#>           [,1]      [,2]      [,3]
#> [1,] 0.3064055 0.4170910 0.2765035
#> [2,] 0.3912360 0.2329982 0.3757658
#> [3,] 0.3400741 0.3055131 0.3544128
#> 
#> $gamma[[1]][[27]]
#>           [,1]      [,2]      [,3]
#> [1,] 0.3244355 0.3603454 0.3152191
#> [2,] 0.3504590 0.2759536 0.3735874
#> [3,] 0.3567154 0.2960967 0.3471879
#> 
#> $gamma[[1]][[28]]
#>           [,1]      [,2]      [,3]
#> [1,] 0.3322197 0.3325927 0.3351876
#> [2,] 0.3297781 0.2994622 0.3707597
#> [3,] 0.3653473 0.2912616 0.3433911
#> 
#> $gamma[[1]][[29]]
#>           [,1]      [,2]      [,3]
#> [1,] 0.3458946 0.2743077 0.3797977
#> [2,] 0.2843120 0.3555011 0.3601869
#> [3,] 0.3850181 0.2803615 0.3346204
#> 
#> $gamma[[1]][[30]]
#>           [,1]      [,2]      [,3]
#> [1,] 0.3074976 0.2295628 0.4629397
#> [2,] 0.2222572 0.5085561 0.2691866
#> [3,] 0.3649329 0.2748827 0.3601843
#> 
#> $gamma[[1]][[31]]
#>           [,1]      [,2]      [,3]
#> [1,] 0.3551187 0.2142616 0.4306197
#> [2,] 0.2337944 0.4254734 0.3407322
#> [3,] 0.4085690 0.2675147 0.3239162
#> 
#> $gamma[[1]][[32]]
#>           [,1]      [,2]      [,3]
#> [1,] 0.3304354 0.3391955 0.3303692
#> [2,] 0.3347489 0.2937024 0.3715487
#> [3,] 0.3632578 0.2924290 0.3443132
#> 
#> $gamma[[1]][[33]]
#>           [,1]      [,2]      [,3]
#> [1,] 0.2605234 0.4503249 0.2891517
#> [2,] 0.3983662 0.2878643 0.3137695
#> [3,] 0.2982642 0.3113763 0.3903595
#> 
#> $gamma[[1]][[34]]
#>           [,1]      [,2]      [,3]
#> [1,] 0.2958954 0.3103868 0.3937177
#> [2,] 0.2896940 0.4155672 0.2947388
#> [3,] 0.3371280 0.2898353 0.3730367
#> 
#> $gamma[[1]][[35]]
#>           [,1]      [,2]      [,3]
#> [1,] 0.3491486 0.2569149 0.3939365
#> [2,] 0.2701112 0.3743070 0.3555818
#> [3,] 0.3914210 0.2768476 0.3317314
#> 
#> $gamma[[1]][[36]]
#>           [,1]      [,2]      [,3]
#> [1,] 0.3327228 0.3307013 0.3365759
#> [2,] 0.3283481 0.3011321 0.3705198
#> [3,] 0.3659503 0.2909250 0.3431247
#> 
#> $gamma[[1]][[37]]
#>           [,1]      [,2]      [,3]
#> [1,] 0.3400454 0.3013323 0.3586223
#> [2,] 0.3057703 0.3282830 0.3659467
#> [3,] 0.3755955 0.2855628 0.3388417
#> 
#> $gamma[[1]][[38]]
#>           [,1]      [,2]      [,3]
#> [1,] 0.2851108 0.3603470 0.3545422
#> [2,] 0.3294479 0.3659021 0.3046501
#> [3,] 0.3223344 0.2979410 0.3797246
#> 
#> $gamma[[1]][[39]]
#>           [,1]      [,2]      [,3]
#> [1,] 0.3247743 0.3591891 0.3160366
#> [2,] 0.3496080 0.2768975 0.3734945
#> [3,] 0.3570676 0.2958988 0.3470336
#> 
#> $gamma[[1]][[40]]
#>           [,1]      [,2]      [,3]
#> [1,] 0.3513600 0.2434621 0.4051779
#> [2,] 0.2588971 0.3896229 0.3514799
#> [3,] 0.3965872 0.2740240 0.3293888
#> 
#> $gamma[[1]][[41]]
#>           [,1]      [,2]      [,3]
#> [1,] 0.2851321 0.3602575 0.3546104
#> [2,] 0.3293777 0.3659866 0.3046357
#> [3,] 0.3223597 0.2979270 0.3797132
#> 
#> $gamma[[1]][[42]]
#>           [,1]      [,2]      [,3]
#> [1,] 0.3046678 0.4221665 0.2731657
#> [2,] 0.3948004 0.2294504 0.3757492
#> [3,] 0.3386369 0.3063324 0.3550307
#> 
#> $gamma[[1]][[43]]
#>           [,1]      [,2]      [,3]
#> [1,] 0.3523707 0.2366452 0.4109841
#> [2,] 0.2531332 0.3976598 0.3492069
#> [3,] 0.3992845 0.2725540 0.3281616
#> 
#> $gamma[[1]][[44]]
#>           [,1]      [,2]      [,3]
#> [1,] 0.3424340 0.2907954 0.3667706
#> [2,] 0.2974867 0.3386230 0.3638903
#> [3,] 0.3792001 0.2835687 0.3372311
#> 
#> $gamma[[1]][[45]]
#>           [,1]      [,2]      [,3]
#> [1,] 0.3288141 0.3450609 0.3261250
#> [2,] 0.3391374 0.2886752 0.3721873
#> [3,] 0.3614211 0.2934568 0.3451221
#> 
#> $gamma[[1]][[46]]
#>           [,1]      [,2]      [,3]
#> [1,] 0.3016359 0.2773257 0.4210384
#> [2,] 0.2626277 0.4514925 0.2858798
#> [3,] 0.3477879 0.2840608 0.3681513
#> 
#> $gamma[[1]][[47]]
#>           [,1]      [,2]      [,3]
#> [1,] 0.3092213 0.2029648 0.4878139
#> [2,] 0.1990355 0.5434619 0.2575026
#> [3,] 0.3757047 0.2691819 0.3551134
#> 
#> $gamma[[1]][[48]]
#>           [,1]      [,2]      [,3]
#> [1,] 0.3510355 0.2455486 0.4034159
#> [2,] 0.2606502 0.3872010 0.3521489
#> [3,] 0.3957727 0.2744685 0.3297588
#> 
#> $gamma[[1]][[49]]
#>           [,1]      [,2]      [,3]
#> [1,] 0.2803742 0.3795655 0.3400603
#> [2,] 0.3444236 0.3480987 0.3074777
#> [3,] 0.3169656 0.3009103 0.3821240
#> 
#> $gamma[[1]][[50]]
#>           [,1]      [,2]      [,3]
#> [1,] 0.2993751 0.2912101 0.4094149
#> [2,] 0.2740752 0.4360806 0.2898442
#> [3,] 0.3432106 0.2865338 0.3702557
#> 
#> $gamma[[1]][[51]]
#>           [,1]      [,2]      [,3]
#> [1,] 0.2979600 0.2992772 0.4027628
#> [2,] 0.2806720 0.4273451 0.2919829
#> [3,] 0.3406199 0.2879378 0.3714423
#> 
#> $gamma[[1]][[52]]
#>           [,1]      [,2]      [,3]
#> [1,] 0.2804252 0.3793647 0.3402101
#> [2,] 0.3442680 0.3482812 0.3074508
#> [3,] 0.3170209 0.3008797 0.3820994
#> 
#> $gamma[[1]][[53]]
#>           [,1]      [,2]      [,3]
#> [1,] 0.3039551 0.2612782 0.4347668
#> [2,] 0.2492415 0.4699338 0.2808247
#> [3,] 0.3532858 0.2811033 0.3656109
#> 
#> $gamma[[1]][[54]]
#>           [,1]      [,2]      [,3]
#> [1,] 0.3376386 0.3114133 0.3509481
#> [2,] 0.3136020 0.3186960 0.3677020
#> [3,] 0.3722217 0.2874340 0.3403443
#> 
#> $gamma[[1]][[55]]
#>           [,1]      [,2]      [,3]
#> [1,] 0.3355419 0.3198319 0.3446262
#> [2,] 0.3200755 0.3109079 0.3690166
#> [3,] 0.3694562 0.2889714 0.3415724
#> 
#> $gamma[[1]][[56]]
#>           [,1]      [,2]      [,3]
#> [1,] 0.3476738 0.2650820 0.3872442
#> [2,] 0.2768198 0.3653421 0.3578380
#> [3,] 0.3883779 0.2785156 0.3331065
#> 
#> $gamma[[1]][[57]]
#>           [,1]      [,2]      [,3]
#> [1,] 0.2953187 0.3133716 0.3913098
#> [2,] 0.2921058 0.4124513 0.2954429
#> [3,] 0.3362039 0.2903384 0.3734576
#> 
#> $gamma[[1]][[58]]
#>           [,1]      [,2]      [,3]
#> [1,] 0.2868211 0.3530805 0.3600984
#> [2,] 0.3237427 0.3728122 0.3034450
#> [3,] 0.3244057 0.2967994 0.3787949
#> 
#> $gamma[[1]][[59]]
#>           [,1]      [,2]      [,3]
#> [1,] 0.3198127 0.3757331 0.3044542
#> [2,] 0.3617007 0.2636692 0.3746302
#> [3,] 0.3520844 0.2987044 0.3492113
#> 
#> $gamma[[1]][[60]]
#>           [,1]      [,2]      [,3]
#> [1,] 0.3389073 0.3061600 0.3549328
#> [2,] 0.3095320 0.3236556 0.3668125
#> [3,] 0.3739710 0.2864632 0.3395658
#> 
#> $gamma[[1]][[61]]
#>           [,1]      [,2]      [,3]
#> [1,] 0.3408878 0.2976821 0.3614300
#> [2,] 0.3029123 0.3318271 0.3652606
#> [3,] 0.3768348 0.2848766 0.3382886
#> 
#> $gamma[[1]][[62]]
#>           [,1]      [,2]      [,3]
#> [1,] 0.3252411 0.3575894 0.3171695
#> [2,] 0.3484294 0.2782082 0.3733625
#> [3,] 0.3575558 0.2956245 0.3468197
#> 
#> $gamma[[1]][[63]]
#>           [,1]      [,2]      [,3]
#> [1,] 0.3505488 0.2485987 0.4008526
#> [2,] 0.2632036 0.3836917 0.3531047
#> [3,] 0.3945909 0.2751138 0.3302952
#> 
#> $gamma[[1]][[64]]
#>           [,1]      [,2]      [,3]
#> [1,] 0.3040731 0.4238908 0.2720362
#> [2,] 0.3960087 0.2282552 0.3757361
#> [3,] 0.3381502 0.3066101 0.3552397
#> 
#> $gamma[[1]][[65]]
#>           [,1]      [,2]      [,3]
#> [1,] 0.2993551 0.2913266 0.4093183
#> [2,] 0.2741708 0.4359533 0.2898760
#> [3,] 0.3431728 0.2865542 0.3702730
#> 
#> $gamma[[1]][[66]]
#>           [,1]      [,2]      [,3]
#> [1,] 0.3517717 0.2407472 0.4074811
#> [2,] 0.2566084 0.3928007 0.3505909
#> [3,] 0.3976547 0.2734419 0.3289034
#> 
#> $gamma[[1]][[67]]
#>           [,1]      [,2]      [,3]
#> [1,] 0.3312254 0.3362919 0.3324827
#> [2,] 0.3325670 0.2962220 0.3712110
#> [3,] 0.3641738 0.2919170 0.3439092
#> 
#> $gamma[[1]][[68]]
#>           [,1]      [,2]      [,3]
#> [1,] 0.2673131 0.4275060 0.3051809
#> [2,] 0.3811499 0.3064402 0.3124099
#> [3,] 0.3041448 0.3080642 0.3877911
#> 
#> $gamma[[1]][[69]]
#>           [,1]      [,2]      [,3]
#> [1,] 0.3283126 0.3468513 0.3248361
#> [2,] 0.3404720 0.2871571 0.3723709
#> [3,] 0.3608641 0.2937688 0.3453672
#> 
#> $gamma[[1]][[70]]
#>           [,1]      [,2]      [,3]
#> [1,] 0.3360257 0.3179164 0.3460578
#> [2,] 0.3186078 0.3126629 0.3687292
#> [3,] 0.3700814 0.2886235 0.3412951
#> 
#> $gamma[[1]][[71]]
#>           [,1]      [,2]      [,3]
#> [1,] 0.3022094 0.2735591 0.4242315
#> [2,] 0.2595010 0.4557589 0.2847400
#> [3,] 0.3490574 0.2833767 0.3675660
#> 
#> $gamma[[1]][[72]]
#>           [,1]      [,2]      [,3]
#> [1,] 0.3370041 0.3139943 0.3490016
#> [2,] 0.3155930 0.3162876 0.3681193
#> [3,] 0.3713690 0.2879077 0.3407233
#> 
#> $gamma[[1]][[73]]
#>           [,1]      [,2]      [,3]
#> [1,] 0.3561833 0.2024057 0.4414110
#> [2,] 0.2232771 0.4411711 0.3355517
#> [3,] 0.4137900 0.2646951 0.3215149
#> 
#> $gamma[[1]][[74]]
#>           [,1]      [,2]      [,3]
#> [1,] 0.3200240 0.3750445 0.3049315
#> [2,] 0.3612008 0.2642081 0.3745911
#> [3,] 0.3522895 0.2985887 0.3491218
#> 
#> $gamma[[1]][[75]]
#>           [,1]      [,2]      [,3]
#> [1,] 0.3450868 0.2783105 0.3766028
#> [2,] 0.2875353 0.3513219 0.3611428
#> [3,] 0.3835845 0.2811506 0.3352650
#> 
#> $gamma[[1]][[76]]
#>           [,1]      [,2]      [,3]
#> [1,] 0.2907527 0.3355614 0.3736859
#> [2,] 0.3098844 0.3898973 0.3002183
#> [3,] 0.3295047 0.2939985 0.3764968
#> 
#> $gamma[[1]][[77]]
#>           [,1]      [,2]      [,3]
#> [1,] 0.3482576 0.2619124 0.3898300
#> [2,] 0.2742249 0.3687925 0.3569826
#> [3,] 0.3895510 0.2778722 0.3325768
#> 
#> $gamma[[1]][[78]]
#>           [,1]      [,2]      [,3]
#> [1,] 0.3545210 0.2198337 0.4256454
#> [2,] 0.2386700 0.4183352 0.3429948
#> [3,] 0.4061918 0.2688019 0.3250063
#> 
#> $gamma[[1]][[79]]
#>           [,1]      [,2]      [,3]
#> [1,] 0.3526588 0.2346006 0.4127406
#> [2,] 0.2513934 0.4001081 0.3484985
#> [3,] 0.4001045 0.2721075 0.3277879
#> 
#> $gamma[[1]][[80]]
#>           [,1]      [,2]      [,3]
#> [1,] 0.2971345 0.3038049 0.3990607
#> [2,] 0.2843575 0.4225105 0.2931320
#> [3,] 0.3391865 0.2887160 0.3720975
#> 
#> $gamma[[1]][[81]]
#>           [,1]      [,2]      [,3]
#> [1,] 0.3381946 0.3091268 0.3526786
#> [2,] 0.3118335 0.3208451 0.3673215
#> [3,] 0.3729808 0.2870125 0.3400067
#> 
#> $gamma[[1]][[82]]
#>           [,1]      [,2]      [,3]
#> [1,] 0.3462697 0.2724121 0.3813182
#> [2,] 0.2827799 0.3574991 0.3597210
#> [3,] 0.3857020 0.2799854 0.3343126
#> 
#> $gamma[[1]][[83]]
#>           [,1]      [,2]      [,3]
#> [1,] 0.3410347 0.2970386 0.3619267
#> [2,] 0.3024072 0.3324561 0.3651368
#> [3,] 0.3770543 0.2847551 0.3381906
#> 
#> $gamma[[1]][[84]]
#>           [,1]      [,2]      [,3]
#> [1,] 0.3308940 0.3375136 0.3315924
#> [2,] 0.3334859 0.2951593 0.3713548
#> [3,] 0.3637878 0.2921327 0.3440795
#> 
#> $gamma[[1]][[85]]
#>           [,1]      [,2]      [,3]
#> [1,] 0.3327484 0.3306047 0.3366469
#> [2,] 0.3282750 0.3012176 0.3705073
#> [3,] 0.3659812 0.2909078 0.3431110
#> 
#> $gamma[[1]][[86]]
#>           [,1]      [,2]      [,3]
#> [1,] 0.2973489 0.3026403 0.4000108
#> [2,] 0.2834107 0.4237494 0.2928399
#> [3,] 0.3395538 0.2885165 0.3719297
#> 
#> $gamma[[1]][[87]]
#>           [,1]      [,2]      [,3]
#> [1,] 0.3001943 0.2863368 0.4134689
#> [2,] 0.2700710 0.4414346 0.2884944
#> [3,] 0.3447995 0.2856742 0.3695263
#> 
#> $gamma[[1]][[88]]
#>           [,1]      [,2]      [,3]
#> [1,] 0.3455857 0.2758507 0.3785636
#> [2,] 0.2855565 0.3538838 0.3605598
#> [3,] 0.3844638 0.2806665 0.3348697
#> 
#> $gamma[[1]][[89]]
#>           [,1]      [,2]      [,3]
#> [1,] 0.3153070 0.3901167 0.2945763
#> [2,] 0.3720784 0.2526306 0.3752910
#> [3,] 0.3478411 0.3011022 0.3510566
#> 
#> $gamma[[1]][[90]]
#>           [,1]      [,2]      [,3]
#> [1,] 0.3131718 0.3967488 0.2900793
#> [2,] 0.3768238 0.2476782 0.3754980
#> [3,] 0.3459098 0.3021964 0.3518938
#> 
#> $gamma[[1]][[91]]
#>           [,1]      [,2]      [,3]
#> [1,] 0.3317505 0.3343449 0.3339046
#> [2,] 0.3311005 0.2979231 0.3709764
#> [3,] 0.3647905 0.2915725 0.3436370
#> 
#> $gamma[[1]][[92]]
#>           [,1]      [,2]      [,3]
#> [1,] 0.3258149 0.3556114 0.3185736
#> [2,] 0.3469696 0.2798368 0.3731937
#> [3,] 0.3581610 0.2952847 0.3465543
#> 
#> $gamma[[1]][[93]]
#>           [,1]      [,2]      [,3]
#> [1,] 0.3316391 0.3347592 0.3336017
#> [2,] 0.3314128 0.2975603 0.3710269
#> [3,] 0.3646591 0.2916459 0.3436950
#> 
#> $gamma[[1]][[94]]
#>           [,1]      [,2]      [,3]
#> [1,] 0.2920723 0.3293814 0.3785463
#> [2,] 0.3049591 0.3960731 0.2989678
#> [3,] 0.3313418 0.2929927 0.3756656
#> 
#> $gamma[[1]][[95]]
#>           [,1]      [,2]      [,3]
#> [1,] 0.3417709 0.2937800 0.3644490
#> [2,] 0.2998436 0.3356599 0.3644965
#> [3,] 0.3781706 0.2841377 0.3376917
#> 
#> $gamma[[1]][[96]]
#>           [,1]      [,2]      [,3]
#> [1,] 0.3041108 0.2601104 0.4357788
#> [2,] 0.2482606 0.4713034 0.2804360
#> [3,] 0.3536953 0.2808835 0.3654211
#> 
#> $gamma[[1]][[97]]
#>           [,1]      [,2]      [,3]
#> [1,] 0.2991310 0.2926314 0.4082376
#> [2,] 0.2752404 0.4345300 0.2902296
#> [3,] 0.3427506 0.2867828 0.3704666
#> 
#> $gamma[[1]][[98]]
#>           [,1]      [,2]      [,3]
#> [1,] 0.3455906 0.2758262 0.3785832
#> [2,] 0.2855367 0.3539094 0.3605539
#> [3,] 0.3844726 0.2806617 0.3348657
#> 
#> $gamma[[1]][[99]]
#>           [,1]      [,2]      [,3]
#> [1,] 0.2776464 0.3901207 0.3322329
#> [2,] 0.3525829 0.3386005 0.3088167
#> [3,] 0.3140785 0.3025135 0.3834080
#> 
#> $gamma[[1]][[100]]
#>           [,1]      [,2]      [,3]
#> [1,] 0.3437250 0.2848355 0.3714395
#> [2,] 0.2927552 0.3446227 0.3626221
#> [3,] 0.3812770 0.2824223 0.3363007
#> 
#> $gamma[[1]][[101]]
#>           [,1]      [,2]      [,3]
#> [1,] 0.3427081 0.2895468 0.3677451
#> [2,] 0.2964983 0.3398706 0.3636310
#> [3,] 0.3796329 0.2833297 0.3370374
#> 
#> $gamma[[1]][[102]]
#>           [,1]      [,2]      [,3]
#> [1,] 0.3481956 0.2622526 0.3895517
#> [2,] 0.2745040 0.3684204 0.3570756
#> [3,] 0.3894246 0.2779415 0.3326339
#> 
#> $gamma[[1]][[103]]
#>           [,1]      [,2]      [,3]
#> [1,] 0.3390921 0.3053836 0.3555243
#> [2,] 0.3089284 0.3243952 0.3666764
#> [3,] 0.3742312 0.2863189 0.3394499
#> 
#> $gamma[[1]][[104]]
#>           [,1]      [,2]      [,3]
#> [1,] 0.3140469 0.3940442 0.2919089
#> [2,] 0.3748915 0.2496876 0.3754209
#> [3,] 0.3466956 0.3017510 0.3515534
#> 
#> $gamma[[1]][[105]]
#>           [,1]      [,2]      [,3]
#> [1,] 0.3295634 0.3423653 0.3280714
#> [2,] 0.3371237 0.2909753 0.3719010
#> [3,] 0.3622630 0.2929855 0.3447515
#> 
#> $gamma[[1]][[106]]
#>           [,1]      [,2]      [,3]
#> [1,] 0.3447762 0.2798220 0.3754018
#> [2,] 0.2887482 0.3497577 0.3614941
#> [3,] 0.3830467 0.2814467 0.3355065
#> 
#> $gamma[[1]][[107]]
#>           [,1]      [,2]      [,3]
#> [1,] 0.3307847 0.3379155 0.3312998
#> [2,] 0.3337878 0.2948106 0.3714016
#> [3,] 0.3636610 0.2922036 0.3441354
#> 
#> $gamma[[1]][[108]]
#>           [,1]      [,2]      [,3]
#> [1,] 0.3345272 0.3237994 0.3416734
#> [2,] 0.3231061 0.3073038 0.3695901
#> [3,] 0.3681683 0.2896884 0.3421432
#> 
#> $gamma[[1]][[109]]
#>           [,1]      [,2]      [,3]
#> [1,] 0.3435072 0.2858556 0.3706372
#> [2,] 0.2935675 0.3435878 0.3628447
#> [3,] 0.3809195 0.2826195 0.3364610
#> 
#> $gamma[[1]][[110]]
#>           [,1]      [,2]      [,3]
#> [1,] 0.3002240 0.2861570 0.4136190
#> [2,] 0.2699230 0.4416332 0.2884437
#> [3,] 0.3448585 0.2856423 0.3694992
#> 
#> $gamma[[1]][[111]]
#>           [,1]      [,2]      [,3]
#> [1,] 0.2983928 0.4400528 0.2615544
#> [2,] 0.4072710 0.2172930 0.3754360
#> [3,] 0.3336245 0.3091977 0.3571778
#> 
#> $gamma[[1]][[112]]
#>           [,1]      [,2]      [,3]
#> [1,] 0.3542202 0.2224477 0.4233321
#> [2,] 0.2409429 0.4150369 0.3440202
#> [3,] 0.4050923 0.2693980 0.3255098
#> 
#> $gamma[[1]][[113]]
#>           [,1]      [,2]      [,3]
#> [1,] 0.3055340 0.2487072 0.4457588
#> [2,] 0.2386327 0.4848812 0.2764861
#> [3,] 0.3577677 0.2787025 0.3635299
#> 
#> $gamma[[1]][[114]]
#>           [,1]      [,2]      [,3]
#> [1,] 0.3187749 0.3790959 0.3021292
#> [2,] 0.3641378 0.2610510 0.3748112
#> [3,] 0.3510853 0.2992682 0.3496465
#> 
#> $gamma[[1]][[115]]
#>           [,1]      [,2]      [,3]
#> [1,] 0.3006621 0.2834782 0.4158598
#> [2,] 0.2677153 0.4446029 0.2876818
#> [3,] 0.3457403 0.2851658 0.3690939
#> 
#> $gamma[[1]][[116]]
#>           [,1]      [,2]      [,3]
#> [1,] 0.3563969 0.1995283 0.4440748
#> [2,] 0.2206943 0.4450903 0.3342155
#> [3,] 0.4150928 0.2639931 0.3209141
#> 
#> $gamma[[1]][[117]]
#>           [,1]      [,2]      [,3]
#> [1,] 0.3406028 0.2989246 0.3604726
#> [2,] 0.3038865 0.3306163 0.3654972
#> [3,] 0.3764118 0.2851107 0.3384774
#> 
#> $gamma[[1]][[118]]
#>           [,1]      [,2]      [,3]
#> [1,] 0.3536534 0.2271019 0.4192448
#> [2,] 0.2449675 0.4092421 0.3457904
#> [3,] 0.4031586 0.2704473 0.3263941
#> 
#> $gamma[[1]][[119]]
#>           [,1]      [,2]      [,3]
#> [1,] 0.3009561 0.2816502 0.4173937
#> [2,] 0.2662063 0.4466397 0.2871540
#> [3,] 0.3463454 0.2848391 0.3688156
#> 
#> $gamma[[1]][[120]]
#>           [,1]      [,2]      [,3]
#> [1,] 0.3225821 0.3665988 0.3108190
#> [2,] 0.3550457 0.2709000 0.3740543
#> [3,] 0.3548212 0.2971621 0.3480167
#> 
#> $gamma[[1]][[121]]
#>           [,1]      [,2]      [,3]
#> [1,] 0.3073776 0.2309141 0.4617083
#> [2,] 0.2234221 0.5068471 0.2697308
#> [3,] 0.3644124 0.2751595 0.3604281
#> 
#> $gamma[[1]][[122]]
#>           [,1]      [,2]      [,3]
#> [1,] 0.3308230 0.3377746 0.3314024
#> [2,] 0.3336819 0.2949328 0.3713852
#> [3,] 0.3637055 0.2921787 0.3441158
#> 
#> $gamma[[1]][[123]]
#>           [,1]      [,2]      [,3]
#> [1,] 0.3058358 0.2460815 0.4480827
#> [2,] 0.2364027 0.4880617 0.2755357
#> [3,] 0.3587250 0.2781908 0.3630842
#> 
#> $gamma[[1]][[124]]
#>           [,1]      [,2]      [,3]
#> [1,] 0.3227656 0.3659849 0.3112495
#> [2,] 0.3545965 0.2713924 0.3740111
#> [3,] 0.3550064 0.2970579 0.3479357
#> 
#> $gamma[[1]][[125]]
#>           [,1]      [,2]      [,3]
#> [1,] 0.3397822 0.3024588 0.3577590
#> [2,] 0.3066499 0.3271972 0.3661529
#> [3,] 0.3752150 0.2857736 0.3390115
#> 
#> $gamma[[1]][[126]]
#>           [,1]      [,2]      [,3]
#> [1,] 0.2944009 0.3180271 0.3875720
#> [2,] 0.2958577 0.4076309 0.2965113
#> [3,] 0.3347740 0.2911178 0.3741082
#> 
#> $gamma[[1]][[127]]
#>           [,1]      [,2]      [,3]
#> [1,] 0.3457116 0.2752240 0.3790645
#> [2,] 0.2850513 0.3545397 0.3604090
#> [3,] 0.3846887 0.2805428 0.3347685
#> 
#> $gamma[[1]][[128]]
#>           [,1]      [,2]      [,3]
#> [1,] 0.3439483 0.2837832 0.3722684
#> [2,] 0.2919162 0.3456937 0.3623900
#> [3,] 0.3816467 0.2822184 0.3361349
#> 
#> $gamma[[1]][[129]]
#>           [,1]      [,2]      [,3]
#> [1,] 0.3456757 0.2754030 0.3789213
#> [2,] 0.2851956 0.3543522 0.3604522
#> [3,] 0.3846244 0.2805781 0.3347975
#> 
#> $gamma[[1]][[130]]
#>           [,1]      [,2]      [,3]
#> [1,] 0.3504929 0.2489427 0.4005644
#> [2,] 0.2634910 0.3832981 0.3532109
#> [3,] 0.3944583 0.2751863 0.3303554
#> 
#> $gamma[[1]][[131]]
#>           [,1]      [,2]      [,3]
#> [1,] 0.3370883 0.3136536 0.3492582
#> [2,] 0.3153305 0.3166045 0.3680650
#> [3,] 0.3714813 0.2878453 0.3406734
#> 
#> $gamma[[1]][[132]]
#>           [,1]      [,2]      [,3]
#> [1,] 0.3025199 0.2714704 0.4260097
#> [2,] 0.2577632 0.4581409 0.2840959
#> [3,] 0.3497667 0.2829947 0.3672386
#> 
#> $gamma[[1]][[133]]
#>           [,1]      [,2]      [,3]
#> [1,] 0.3417343 0.2939435 0.3643222
#> [2,] 0.2999724 0.3354985 0.3645291
#> [3,] 0.3781144 0.2841688 0.3377168
#> 
#> $gamma[[1]][[134]]
#>           [,1]      [,2]      [,3]
#> [1,] 0.3369300 0.3142937 0.3487763
#> [2,] 0.3158236 0.3160095 0.3681669
#> [3,] 0.3712703 0.2879625 0.3407672
#> 
#> $gamma[[1]][[135]]
#>           [,1]      [,2]      [,3]
#> [1,] 0.3563984 0.1995070 0.4440946
#> [2,] 0.2206750 0.4451196 0.3342054
#> [3,] 0.4151025 0.2639879 0.3209096
#> 
#> $gamma[[1]][[136]]
#>           [,1]      [,2]      [,3]
#> [1,] 0.2772186 0.3917465 0.3310349
#> [2,] 0.3538357 0.3371545 0.3090098
#> [3,] 0.3136373 0.3027589 0.3836038
#> 
#> $gamma[[1]][[137]]
#>           [,1]      [,2]      [,3]
#> [1,] 0.3448159 0.2796299 0.3755543
#> [2,] 0.2885942 0.3499561 0.3614497
#> [3,] 0.3831150 0.2814092 0.3354759
#> 
#> $gamma[[1]][[138]]
#>           [,1]      [,2]      [,3]
#> [1,] 0.3499389 0.2522980 0.3977631
#> [2,] 0.2662860 0.3794844 0.3542296
#> [3,] 0.3931716 0.2758896 0.3309388
#> 
#> $gamma[[1]][[139]]
#>           [,1]      [,2]      [,3]
#> [1,] 0.3086287 0.2145008 0.4768705
#> [2,] 0.2091771 0.5280178 0.2628051
#> [3,] 0.3709030 0.2717171 0.3573799
#> 
#> $gamma[[1]][[140]]
#>           [,1]      [,2]      [,3]
#> [1,] 0.3483110 0.2616188 0.3900702
#> [2,] 0.2739840 0.3691139 0.3569021
#> [3,] 0.3896602 0.2778123 0.3325275
#> 
#> $gamma[[1]][[141]]
#>           [,1]      [,2]      [,3]
#> [1,] 0.3453107 0.2772112 0.3774781
#> [2,] 0.2866517 0.3524643 0.3608840
#> [3,] 0.3839768 0.2809346 0.3350886
#> 
#> $gamma[[1]][[142]]
#>           [,1]      [,2]      [,3]
#> [1,] 0.3257957 0.3556779 0.3185264
#> [2,] 0.3470187 0.2797819 0.3731994
#> [3,] 0.3581406 0.2952961 0.3465633
#> 
#> $gamma[[1]][[143]]
#>           [,1]      [,2]      [,3]
#> [1,] 0.3412180 0.2962327 0.3625493
#> [2,] 0.3017741 0.3332455 0.3649805
#> [3,] 0.3773296 0.2846028 0.3380676
#> 
#> $gamma[[1]][[144]]
#>           [,1]      [,2]      [,3]
#> [1,] 0.2646551 0.4365802 0.2987646
#> [2,] 0.3880141 0.2989621 0.3130238
#> [3,] 0.3017920 0.3093869 0.3888211
#> 
#> $gamma[[1]][[145]]
#>           [,1]      [,2]      [,3]
#> [1,] 0.3203597 0.3739478 0.3056925
#> [2,] 0.3604040 0.2650686 0.3745273
#> [3,] 0.3526166 0.2984042 0.3489792
#> 
#> $gamma[[1]][[146]]
#>           [,1]      [,2]      [,3]
#> [1,] 0.3378040 0.3107357 0.3514603
#> [2,] 0.3130784 0.3193314 0.3675903
#> [3,] 0.3724463 0.2873093 0.3402444
#> 
#> $gamma[[1]][[147]]
#>           [,1]      [,2]      [,3]
#> [1,] 0.3354423 0.3202242 0.3443335
#> [2,] 0.3203758 0.3105497 0.3690746
#> [3,] 0.3693284 0.2890425 0.3416291
#> 
#> $gamma[[1]][[148]]
#>           [,1]      [,2]      [,3]
#> [1,] 0.3171073 0.3844356 0.2984571
#> [2,] 0.3679938 0.2569410 0.3750652
#> [3,] 0.3495078 0.3001594 0.3503328
#> 
#> $gamma[[1]][[149]]
#>           [,1]      [,2]      [,3]
#> [1,] 0.3301638 0.3401866 0.3296496
#> [2,] 0.3354922 0.2928471 0.3716607
#> [3,] 0.3629462 0.2926033 0.3444505
#> 
#> $gamma[[1]][[150]]
#>           [,1]      [,2]      [,3]
#> [1,] 0.3205460 0.3733376 0.3061164
#> [2,] 0.3599604 0.2655485 0.3744911
#> [3,] 0.3527988 0.2983014 0.3488997
#> 
#> $gamma[[1]][[151]]
#>           [,1]      [,2]      [,3]
#> [1,] 0.3411213 0.2966582 0.3622204
#> [2,] 0.3021084 0.3328284 0.3650632
#> [3,] 0.3771842 0.2846833 0.3381325
#> 
#> $gamma[[1]][[152]]
#>           [,1]      [,2]      [,3]
#> [1,] 0.2993245 0.2915056 0.4091699
#> [2,] 0.2743176 0.4357577 0.2899247
#> [3,] 0.3431148 0.2865856 0.3702996
#> 
#> $gamma[[1]][[153]]
#>           [,1]      [,2]      [,3]
#> [1,] 0.3347446 0.3229549 0.3423005
#> [2,] 0.3224621 0.3080675 0.3694704
#> [3,] 0.3684417 0.2895362 0.3420222
#> 
#> $gamma[[1]][[154]]
#>           [,1]      [,2]      [,3]
#> [1,] 0.2747370 0.4010305 0.3242325
#> [2,] 0.3609707 0.3289822 0.3100471
#> [3,] 0.3111353 0.3041524 0.3847123
#> 
#> $gamma[[1]][[155]]
#>           [,1]      [,2]      [,3]
#> [1,] 0.2967868 0.3056762 0.3975369
#> [2,] 0.2858773 0.4205262 0.2935965
#> [3,] 0.3385983 0.2890356 0.3723661
#> 
#> $gamma[[1]][[156]]
#>           [,1]      [,2]      [,3]
#> [1,] 0.2920071 0.3296908 0.3783021
#> [2,] 0.3052062 0.3957619 0.2990319
#> [3,] 0.3312493 0.2930433 0.3757075
#> 
#> $gamma[[1]][[157]]
#>           [,1]      [,2]      [,3]
#> [1,] 0.3251850 0.3577822 0.3170329
#> [2,] 0.3485715 0.2780499 0.3733786
#> [3,] 0.3574968 0.2956576 0.3468455
#> 
#> $gamma[[1]][[158]]
#>           [,1]      [,2]      [,3]
#> [1,] 0.3430002 0.2882067 0.3687931
#> [2,] 0.2954358 0.3412152 0.3633490
#> [3,] 0.3800987 0.2830725 0.3368288
#> 
#> $gamma[[1]][[159]]
#>           [,1]      [,2]      [,3]
#> [1,] 0.3179211 0.3818393 0.3002395
#> [2,] 0.3661210 0.2589322 0.3749468
#> [3,] 0.3502735 0.2997267 0.3499998
#> 
#> $gamma[[1]][[160]]
#>           [,1]      [,2]      [,3]
#> [1,] 0.3374030 0.3123752 0.3502218
#> [2,] 0.3143447 0.3177963 0.3678590
#> [3,] 0.3719034 0.2876108 0.3404858
#> 
#> $gamma[[1]][[161]]
#>           [,1]      [,2]      [,3]
#> [1,] 0.3255911 0.3563843 0.3180245
#> [2,] 0.3475403 0.2791993 0.3732604
#> [3,] 0.3579243 0.2954176 0.3466582
#> 
#> $gamma[[1]][[162]]
#>           [,1]      [,2]      [,3]
#> [1,] 0.3377907 0.3107906 0.3514188
#> [2,] 0.3131208 0.3192798 0.3675993
#> [3,] 0.3724281 0.2873194 0.3402525
#> 
#> $gamma[[1]][[163]]
#>           [,1]      [,2]      [,3]
#> [1,] 0.3400926 0.3011293 0.3587780
#> [2,] 0.3056117 0.3284790 0.3659092
#> [3,] 0.3756641 0.2855248 0.3388111
#> 
#> $gamma[[1]][[164]]
#>           [,1]      [,2]      [,3]
#> [1,] 0.3518320 0.2403427 0.4078253
#> [2,] 0.2562665 0.3932768 0.3504566
#> [3,] 0.3978145 0.2733548 0.3288307
#> 
#> $gamma[[1]][[165]]
#>           [,1]      [,2]      [,3]
#> [1,] 0.3413554 0.2956263 0.3630183
#> [2,] 0.3012973 0.3338407 0.3648620
#> [3,] 0.3775371 0.2844880 0.3379748
#> 
#> $gamma[[1]][[166]]
#>           [,1]      [,2]      [,3]
#> [1,] 0.3055762 0.2483452 0.4460786
#> [2,] 0.2383255 0.4853185 0.2763559
#> [3,] 0.3578992 0.2786322 0.3634686
#> 
#> $gamma[[1]][[167]]
#>           [,1]      [,2]      [,3]
#> [1,] 0.2946727 0.3166599 0.3886674
#> [2,] 0.2947572 0.4090415 0.2962013
#> [3,] 0.3351925 0.2908896 0.3739179
#> 
#> $gamma[[1]][[168]]
#>           [,1]      [,2]      [,3]
#> [1,] 0.3524367 0.2361817 0.4113817
#> [2,] 0.2527393 0.3982133 0.3490474
#> [3,] 0.3994699 0.2724530 0.3280771
#> 
#> $gamma[[1]][[169]]
#>           [,1]      [,2]      [,3]
#> [1,] 0.3041740 0.2596327 0.4361932
#> [2,] 0.2478592 0.4718646 0.2802762
#> [3,] 0.3538632 0.2807935 0.3653433
#> 
#> $gamma[[1]][[170]]
#>           [,1]      [,2]      [,3]
#> [1,] 0.3574462 0.1703897 0.4721641
#> [2,] 0.1938185 0.4874513 0.3187301
#> [3,] 0.4292064 0.2564267 0.3143668
#> 
#> $gamma[[1]][[171]]
#>           [,1]      [,2]      [,3]
#> [1,] 0.3269617 0.3516207 0.3214176
#> [2,] 0.3440162 0.2831496 0.3728342
#> [3,] 0.3593878 0.2945963 0.3460159
#> 
#> $gamma[[1]][[172]]
#>           [,1]      [,2]      [,3]
#> [1,] 0.2948970 0.3155246 0.3895784
#> [2,] 0.2938425 0.4102160 0.2959416
#> [3,] 0.3355409 0.2906997 0.3737594
#> 
#> $gamma[[1]][[173]]
#>           [,1]      [,2]      [,3]
#> [1,] 0.2986382 0.2954621 0.4058997
#> [2,] 0.2775572 0.4314567 0.2909862
#> [3,] 0.3418391 0.2872766 0.3708843
#> 
#> $gamma[[1]][[174]]
#>           [,1]      [,2]      [,3]
#> [1,] 0.3509741 0.2459388 0.4030871
#> [2,] 0.2609775 0.3867499 0.3522726
#> [3,] 0.3956209 0.2745514 0.3298278
#> 
#> $gamma[[1]][[175]]
#>           [,1]      [,2]      [,3]
#> [1,] 0.3554649 0.2107408 0.4337943
#> [2,] 0.2306918 0.4300613 0.3392469
#> [3,] 0.4100957 0.2666892 0.3232151
#> 
#> $gamma[[1]][[176]]
#>           [,1]      [,2]      [,3]
#> [1,] 0.3452078 0.2777176 0.3770746
#> [2,] 0.2870589 0.3519376 0.3610036
#> [3,] 0.3837959 0.2810341 0.3351699
#> 
#> $gamma[[1]][[177]]
#>           [,1]      [,2]      [,3]
#> [1,] 0.3499869 0.2520116 0.3980015
#> [2,] 0.2660480 0.3798082 0.3541438
#> [3,] 0.3932810 0.2758298 0.3308892
#> 
#> $gamma[[1]][[178]]
#>           [,1]      [,2]      [,3]
#> [1,] 0.3037036 0.2631359 0.4331606
#> [2,] 0.2507999 0.4677631 0.2814369
#> [3,] 0.3526370 0.2814516 0.3659114
#> 
#> $gamma[[1]][[179]]
#>           [,1]      [,2]      [,3]
#> [1,] 0.3054352 0.2495486 0.4450162
#> [2,] 0.2393462 0.4838665 0.2767873
#> [3,] 0.3574625 0.2788657 0.3636718
#> 
#> $gamma[[1]][[180]]
#>           [,1]      [,2]      [,3]
#> [1,] 0.3478646 0.2640548 0.3880806
#> [2,] 0.2759801 0.3664564 0.3575636
#> [3,] 0.3887570 0.2783076 0.3329354
#> 
#> $gamma[[1]][[181]]
#>           [,1]      [,2]      [,3]
#> [1,] 0.3189528 0.3785218 0.3025255
#> [2,] 0.3637222 0.2614964 0.3747814
#> [3,] 0.3512556 0.2991721 0.3495724
#> 
#> $gamma[[1]][[182]]
#>           [,1]      [,2]      [,3]
#> [1,] 0.3449351 0.2790506 0.3760143
#> [2,] 0.2881295 0.3505551 0.3613155
#> [3,] 0.3833209 0.2812957 0.3353834
#> 
#> $gamma[[1]][[183]]
#>           [,1]      [,2]      [,3]
#> [1,] 0.2914114 0.3324974 0.3760911
#> [2,] 0.3074450 0.3929492 0.2996059
#> [3,] 0.3304128 0.2935011 0.3760861
#> 
#> $gamma[[1]][[184]]
#>           [,1]      [,2]      [,3]
#> [1,] 0.3088178 0.2113037 0.4798785
#> [2,] 0.2063774 0.5322497 0.2613729
#> [3,] 0.3722126 0.2710247 0.3567627
#> 
#> $gamma[[1]][[185]]
#>           [,1]      [,2]      [,3]
#> [1,] 0.3403710 0.2999293 0.3596996
#> [2,] 0.3046733 0.3296405 0.3656862
#> [3,] 0.3760707 0.2852996 0.3386297
#> 
#> $gamma[[1]][[186]]
#>           [,1]      [,2]      [,3]
#> [1,] 0.3464451 0.2715171 0.3820378
#> [2,] 0.2820552 0.3584467 0.3594981
#> [3,] 0.3860260 0.2798073 0.3341667
#> 
#> $gamma[[1]][[187]]
#>           [,1]      [,2]      [,3]
#> [1,] 0.3418754 0.2933131 0.3648115
#> [2,] 0.2994754 0.3361217 0.3644029
#> [3,] 0.3783312 0.2840489 0.3376199
#> 
#> $gamma[[1]][[188]]
#>           [,1]      [,2]      [,3]
#> [1,] 0.3378805 0.3104215 0.3516979
#> [2,] 0.3128355 0.3196263 0.3675382
#> [3,] 0.3725505 0.2872514 0.3401981
#> 
#> $gamma[[1]][[189]]
#>           [,1]      [,2]      [,3]
#> [1,] 0.3501172 0.2512295 0.3986533
#> [2,] 0.2653973 0.3806941 0.3539085
#> [3,] 0.3935800 0.2756663 0.3307537
#> 
#> $gamma[[1]][[190]]
#>           [,1]      [,2]      [,3]
#> [1,] 0.3384482 0.3080760 0.3534758
#> [2,] 0.3110192 0.3218376 0.3671432
#> [3,] 0.3733308 0.2868183 0.3398509
#> 
#> $gamma[[1]][[191]]
#>           [,1]      [,2]      [,3]
#> [1,] 0.3483821 0.2612262 0.3903917
#> [2,] 0.2736617 0.3695442 0.3567941
#> [3,] 0.3898063 0.2777322 0.3324615
#> 
#> $gamma[[1]][[192]]
#>           [,1]      [,2]      [,3]
#> [1,] 0.2904667 0.3368791 0.3726542
#> [2,] 0.3109320 0.3885908 0.3004772
#> [3,] 0.3291157 0.2942118 0.3766726
#> 
#> $gamma[[1]][[193]]
#>           [,1]      [,2]      [,3]
#> [1,] 0.2839880 0.3650164 0.3509956
#> [2,] 0.3331012 0.3615143 0.3053845
#> [3,] 0.3210158 0.2986689 0.3803153
#> 
#> $gamma[[1]][[194]]
#>           [,1]      [,2]      [,3]
#> [1,] 0.2927174 0.3262968 0.3809859
#> [2,] 0.3024934 0.3991855 0.2983211
#> [3,] 0.3322667 0.2924868 0.3752465
#> 
#> $gamma[[1]][[195]]
#>           [,1]      [,2]      [,3]
#> [1,] 0.3141175 0.3938251 0.2920574
#> [2,] 0.3747347 0.2498511 0.3754142
#> [3,] 0.3467594 0.3017149 0.3515258
#> 
#> $gamma[[1]][[196]]
#>           [,1]      [,2]      [,3]
#> [1,] 0.3480595 0.2629969 0.3889436
#> [2,] 0.2751140 0.3676079 0.3572781
#> [3,] 0.3891485 0.2780929 0.3327586
#> 
#> $gamma[[1]][[197]]
#>           [,1]      [,2]      [,3]
#> [1,] 0.3204421 0.3736779 0.3058799
#> [2,] 0.3602079 0.2652808 0.3745114
#> [3,] 0.3526972 0.2983588 0.3489441
#> 
#> $gamma[[1]][[198]]
#>           [,1]      [,2]      [,3]
#> [1,] 0.3208494 0.3723417 0.3068089
#> [2,] 0.3592359 0.2663333 0.3744308
#> [3,] 0.3530965 0.2981336 0.3487699
#> 
#> $gamma[[1]][[199]]
#>           [,1]      [,2]      [,3]
#> [1,] 0.3019874 0.2750306 0.4229820
#> [2,] 0.2607237 0.4540877 0.2851886
#> [3,] 0.3485600 0.2836446 0.3677954
#> 
#> $gamma[[1]][[200]]
#>           [,1]      [,2]      [,3]
#> [1,] 0.3562201 0.2019261 0.4418537
#> [2,] 0.2228475 0.4418213 0.3353312
#> [3,] 0.4140061 0.2645786 0.3214153
#> 
#> $gamma[[1]][[201]]
#>           [,1]      [,2]      [,3]
#> [1,] 0.3399274 0.3018380 0.3582346
#> [2,] 0.3061654 0.3277951 0.3660396
#> [3,] 0.3754245 0.2856575 0.3389180
#> 
#> $gamma[[1]][[202]]
#>           [,1]      [,2]      [,3]
#> [1,] 0.3435112 0.2858370 0.3706518
#> [2,] 0.2935527 0.3436066 0.3628407
#> [3,] 0.3809260 0.2826159 0.3364581
#> 
