
<!-- README.md is generated from README.Rmd. Please edit that file -->

# lizardHMM

<!-- badges: start -->

<!-- badges: end -->

The goal of lizardHMM is to fit lizard movement data with Hidden Markov
Models.

## Installation

You can install the released version of lizardHMM from
[CRAN](https://CRAN.R-project.org) with:

``` r
install.packages("lizardHMM")
```

And the development version from [GitHub](https://github.com/) with:

``` r
# install.packages("devtools")
devtools::install_github("simonecollier/lizardHMM")
```

## Example

Set up a basic HMM with data distributed according to normal state
dependent distributions. This HMM will have 3 states, 2 variables, 1
subject, and 2 covariates (included in the computation of the transition
probability matrix). We also define the design matrix which indicates
the values of the covariates at each point in time. Then we go about
generating data from this HMM.

``` r
library(lizardHMM)

hmm1 <- list(num_states = 3,
             num_variables = 2,
             num_subjects = 1,
             mu = list(matrix(c(12, 18, 22), ncol = 3, nrow = 1, byrow = TRUE), 
                       matrix(c(-12, -7, 0), ncol = 3, nrow = 1, byrow = TRUE)),
             sigma = list(matrix(c(3, 1, 1.5), ncol = 3, nrow = 1, byrow = TRUE), 
                          matrix(c(1, 3, 2), ncol = 3, nrow = 1, byrow = TRUE)),
             beta  = matrix(c(0.01, 0.02, 0.001,
                              0.01, 0.03, 0.004,
                              0.01, 0.01, 0.003,
                              0.01, 0.04, 0.002,
                              0.01, 0.01, 0.004,
                              0.01, 0.03, 0.001), ncol = 3, nrow = 6, byrow = TRUE),
             delta = list(c(0.3, 0.02, 0.5)))

num_sample <- 1000

design           <- list(matrix(0, nrow = 1000, ncol = 3))
design[[1]][, 1] <- 1 # First column is the intercept
design[[1]][, 2] <- sample(c(0, 1), size = 1000, 
                           prob = c(0.3, 0.7), replace = TRUE)
design[[1]][, 3] <- rnorm(1000, mean = 5, sd = 1)

# norm_gamma(hmm1$num_states, hmm1$num_subjects, num_sample, hmm1$beta, design)

sample <- norm_generate_sample(num_sample, hmm1, design)
x      <- sample$observ

timeseries_plot(x, sample$state, hmm1$num_subjects, hmm1$num_variables)
#> [[1]]
```

<img src="man/figures/README-HMM Setup-1.png" width="100%" />

    #> 
    #> [[2]]

<img src="man/figures/README-HMM Setup-2.png" width="100%" />

Now we can try fitting the data we generated with a basic HMM with
reasonable guesses for the initial parameters.

``` r
num_states = 3
num_variables = 2
num_subjects = 1
num_covariates = 2
mu0 <- list(matrix(c(11, 19, 23), ncol = 3, nrow = 1, byrow = TRUE),
            matrix(c(-10, -5, 1), ncol = 3, nrow = 1, byrow = TRUE))
sigma0 <- list(matrix(c(3, 3, 3), ncol = 3, nrow = 1, byrow = TRUE),
               matrix(c(3, 3, 3), ncol = 3, nrow = 1, byrow = TRUE))
beta0 <- matrix(c(-2, 0, 0,
                  -2, 0, 0,
                  -2, 0, 0,
                  -2, 0, 0,
                  -2, 0, 0,
                  -2, 0, 0), ncol = 3, nrow = 6, byrow = TRUE)
delta0 <- list(c(1/3, 1/3, 1/3))

hmm_fit <- norm_fit_hmm(x, design, num_states, num_variables, num_subjects,
                        num_covariates, mu0, sigma0, beta0, delta0,
                        iterlim = 200)
hmm_fit
#> $num_states
#> [1] 3
#> 
#> $num_variables
#> [1] 2
#> 
#> $num_subjects
#> [1] 1
#> 
#> $mu
#> $mu$`1`
#>          [,1]     [,2]     [,3]
#> [1,] 12.41842 17.92982 21.81122
#> 
#> $mu$`2`
#>           [,1]      [,2]       [,3]
#> [1,] -11.91763 -6.916465 -0.0174403
#> 
#> 
#> $sigma
#> $sigma$`1`
#>          [,1]      [,2]     [,3]
#> [1,] 3.199047 0.9792056 1.568311
#> 
#> $sigma$`2`
#>          [,1]     [,2]    [,3]
#> [1,] 1.018186 2.797558 2.06039
#> 
#> 
#> $delta
#> $delta[[1]]
#> [1] 7.009780e-06 7.787101e-08 9.999929e-01
#> 
#> 
#> $beta
#>            [,1]        [,2]        [,3]
#> [1,]  0.2976738  0.10804264 -0.07600072
#> [2,] -0.8835214 -0.02660213  0.20147397
#> [3,] -0.2395997  0.06993103  0.01997956
#> [4,] -1.2691396  0.76608858  0.08203936
#> [5,]  2.2678577 -0.51376785 -0.37533463
#> [6,]  1.0341684 -0.02406635 -0.18092265
#> 
#> $gamma
#> $gamma[[1]]
#> $gamma[[1]][[1]]
#>           [,1]      [,2]      [,3]
#> [1,] 0.3118234 0.2691814 0.4189951
#> [2,] 0.3782020 0.4275691 0.1942289
#> [3,] 0.3521935 0.3199328 0.3278737
#> 
#> $gamma[[1]][[2]]
#>           [,1]      [,2]      [,3]
#> [1,] 0.2881593 0.2585273 0.4533134
#> [2,] 0.3199529 0.3311789 0.3488683
#> [3,] 0.2014420 0.3567107 0.4418473
#> 
#> $gamma[[1]][[3]]
#>           [,1]      [,2]      [,3]
#> [1,] 0.3284192 0.3540303 0.3175505
#> [2,] 0.3305964 0.3591177 0.3102858
#> [3,] 0.3341234 0.3699139 0.2959627
#> 
#> $gamma[[1]][[4]]
#>           [,1]      [,2]      [,3]
#> [1,] 0.3127665 0.3102638 0.3769697
#> [2,] 0.3260223 0.3464938 0.3274840
#> [3,] 0.2699162 0.3696326 0.3604513
#> 
#> $gamma[[1]][[5]]
#>           [,1]      [,2]      [,3]
#> [1,] 0.3084021 0.2999687 0.3916292
#> [2,] 0.3248789 0.3434958 0.3316253
#> [3,] 0.2556238 0.3681453 0.3762309
#> 
#> $gamma[[1]][[6]]
#>           [,1]      [,2]      [,3]
#> [1,] 0.3421361 0.4133881 0.2444758
#> [2,] 0.3361998 0.3763236 0.2874766
#> [3,] 0.4289755 0.3547178 0.2163068
#> 
#> $gamma[[1]][[7]]
#>           [,1]      [,2]      [,3]
#> [1,] 0.3300870 0.3596405 0.3102724
#> [2,] 0.3311531 0.3607316 0.3081153
#> [3,] 0.3427336 0.3692419 0.2880245
#> 
#> $gamma[[1]][[8]]
#>           [,1]      [,2]      [,3]
#> [1,] 0.3146096 0.3148072 0.3705832
#> [2,] 0.3265180 0.3478118 0.3256703
#> [3,] 0.2763254 0.3701170 0.3535576
#> 
#> $gamma[[1]][[9]]
#>           [,1]      [,2]      [,3]
#> [1,] 0.3382960 0.3924640 0.2692400
#> [2,] 0.3342933 0.3702116 0.2954951
#> [3,] 0.3946518 0.3621009 0.2432473
#> 
#> $gamma[[1]][[10]]
#>           [,1]      [,2]      [,3]
#> [1,] 0.3208435 0.2870590 0.3920975
#> [2,] 0.3787900 0.4322814 0.1889286
#> [3,] 0.3832770 0.3177130 0.2990100
#> 
#> $gamma[[1]][[11]]
#>           [,1]      [,2]      [,3]
#> [1,] 0.2765264 0.2380361 0.4854374
#> [2,] 0.3172862 0.3248661 0.3578477
#> [3,] 0.1767064 0.3478401 0.4754534
#> 
#> $gamma[[1]][[12]]
#>           [,1]      [,2]      [,3]
#> [1,] 0.3157246 0.3176183 0.3666571
#> [2,] 0.3268221 0.3486259 0.3245520
#> [3,] 0.2803216 0.3703641 0.3493144
#> 
#> $gamma[[1]][[13]]
#>           [,1]      [,2]      [,3]
#> [1,] 0.2816143 0.2467613 0.4716244
#> [2,] 0.3184432 0.3275772 0.3539797
#> [3,] 0.1870691 0.3518775 0.4610534
#> 
#> $gamma[[1]][[14]]
#>           [,1]      [,2]      [,3]
#> [1,] 0.3306382 0.3615538 0.3078081
#> [2,] 0.3313415 0.3612822 0.3073763
#> [3,] 0.3456883 0.3689760 0.2853357
#> 
#> $gamma[[1]][[15]]
#>           [,1]      [,2]      [,3]
#> [1,] 0.2993685 0.2469682 0.4536633
#> [2,] 0.3773488 0.4215473 0.2011039
#> [3,] 0.3139821 0.3203164 0.3657015
#> 
#> $gamma[[1]][[16]]
#>           [,1]      [,2]      [,3]
#> [1,] 0.2981241 0.2448781 0.4569978
#> [2,] 0.3772610 0.4209692 0.2017698
#> [3,] 0.3104179 0.3202104 0.3693716
#> 
#> $gamma[[1]][[17]]
#>           [,1]      [,2]      [,3]
#> [1,] 0.3400935 0.4015272 0.2583793
#> [2,] 0.3351277 0.3728501 0.2920222
#> [3,] 0.4094126 0.3591706 0.2314167
#> 
#> $gamma[[1]][[18]]
#>           [,1]      [,2]      [,3]
#> [1,] 0.3071568 0.2971394 0.3957037
#> [2,] 0.3245596 0.3426686 0.3327718
#> [3,] 0.2517526 0.3676420 0.3806053
#> 
#> $gamma[[1]][[19]]
#>           [,1]      [,2]      [,3]
#> [1,] 0.2924399 0.2665938 0.4409663
#> [2,] 0.3209570 0.3336167 0.3454263
#> [3,] 0.2115576 0.3596191 0.4288233
#> 
#> $gamma[[1]][[20]]
#>           [,1]      [,2]      [,3]
#> [1,] 0.3396656 0.3992732 0.2610612
#> [2,] 0.3349214 0.3721928 0.2928858
#> [3,] 0.4057259 0.3599378 0.2343363
#> 
#> $gamma[[1]][[21]]
#>           [,1]      [,2]      [,3]
#> [1,] 0.3339550 0.3738062 0.2922388
#> [2,] 0.3325320 0.3648122 0.3026558
#> [3,] 0.3648274 0.3668309 0.2683418
#> 
#> $gamma[[1]][[22]]
#>           [,1]      [,2]      [,3]
#> [1,] 0.3380235 0.3911737 0.2708028
#> [2,] 0.3341734 0.3698370 0.2959896
#> [3,] 0.3925643 0.3624846 0.2449512
#> 
#> $gamma[[1]][[23]]
#>           [,1]      [,2]      [,3]
#> [1,] 0.3204984 0.2863411 0.3931605
#> [2,] 0.3787679 0.4320941 0.1891380
#> [3,] 0.3820250 0.3178335 0.3001416
#> 
#> $gamma[[1]][[24]]
#>           [,1]      [,2]      [,3]
#> [1,] 0.3115143 0.3072462 0.3812395
#> [2,] 0.3256901 0.3456168 0.3286931
#> [3,] 0.2656936 0.3692526 0.3650538
#> 
#> $gamma[[1]][[25]]
#>           [,1]      [,2]      [,3]
#> [1,] 0.2961348 0.2738227 0.4300424
#> [2,] 0.3218369 0.3357824 0.3423806
#> [3,] 0.2208020 0.3619453 0.4172526
#> 
#> $gamma[[1]][[26]]
#>           [,1]      [,2]      [,3]
#> [1,] 0.2833240 0.2497732 0.4669027
#> [2,] 0.3188350 0.3285048 0.3526603
#> [3,] 0.1907049 0.3531815 0.4561135
#> 
#> $gamma[[1]][[27]]
#>           [,1]      [,2]      [,3]
#> [1,] 0.3269965 0.3003874 0.3726161
#> [2,] 0.3791761 0.4357345 0.1850894
#> [3,] 0.4065634 0.3150164 0.2784202
#> 
#> $gamma[[1]][[28]]
#>           [,1]      [,2]      [,3]
#> [1,] 0.3108597 0.3056897 0.3834506
#> [2,] 0.3255178 0.3451639 0.3293183
#> [3,] 0.2635265 0.3690385 0.3674351
#> 
#> $gamma[[1]][[29]]
#>           [,1]      [,2]      [,3]
#> [1,] 0.3337973 0.3165192 0.3496834
#> [2,] 0.3795876 0.4398607 0.1805517
#> [3,] 0.4347963 0.3106309 0.2545728
#> 
#> $gamma[[1]][[30]]
#>           [,1]      [,2]      [,3]
#> [1,] 0.3113143 0.3067691 0.3819167
#> [2,] 0.3256373 0.3454780 0.3288847
#> [3,] 0.2650285 0.3691883 0.3657832
#> 
#> $gamma[[1]][[31]]
#>           [,1]      [,2]      [,3]
#> [1,] 0.3375708 0.3262802 0.3361490
#> [2,] 0.3798082 0.4423354 0.1778564
#> [3,] 0.4518708 0.3074113 0.2407179
#> 
#> $gamma[[1]][[32]]
#>           [,1]      [,2]      [,3]
#> [1,] 0.3235284 0.3388725 0.3375991
#> [2,] 0.3290606 0.3547576 0.3161818
#> [3,] 0.3112777 0.3709250 0.3177974
#> 
#> $gamma[[1]][[33]]
#>           [,1]      [,2]      [,3]
#> [1,] 0.3138039 0.3128056 0.3733906
#> [2,] 0.3263002 0.3472315 0.3264683
#> [3,] 0.2734942 0.3699166 0.3565892
#> 
#> $gamma[[1]][[34]]
#>           [,1]      [,2]      [,3]
#> [1,] 0.3296228 0.3580525 0.3123247
#> [2,] 0.3309961 0.3602747 0.3087291
#> [3,] 0.3402881 0.3694484 0.2902634
#> 
#> $gamma[[1]][[35]]
#>           [,1]      [,2]      [,3]
#> [1,] 0.2781265 0.2407432 0.4811303
#> [2,] 0.3176487 0.3257112 0.3566401
#> [3,] 0.1798944 0.3491341 0.4709715
#> 
#> $gamma[[1]][[36]]
#>           [,1]      [,2]      [,3]
#> [1,] 0.3285001 0.3542964 0.3172036
#> [2,] 0.3306230 0.3591942 0.3101828
#> [3,] 0.3345299 0.3698857 0.2955845
#> 
#> $gamma[[1]][[37]]
#>           [,1]      [,2]      [,3]
#> [1,] 0.3251040 0.3435697 0.3313263
#> [2,] 0.3295417 0.3561091 0.3143492
#> [3,] 0.3182907 0.3707373 0.3109720
#> 
#> $gamma[[1]][[38]]
#>           [,1]      [,2]      [,3]
#> [1,] 0.3137036 0.3125583 0.3737381
#> [2,] 0.3262733 0.3471597 0.3265670
#> [3,] 0.2731452 0.3698904 0.3569644
#> 
#> $gamma[[1]][[39]]
#>           [,1]      [,2]      [,3]
#> [1,] 0.3102545 0.3042634 0.3854821
#> [2,] 0.3253593 0.3447486 0.3298921
#> [3,] 0.2615468 0.3688314 0.3696218
#> 
#> $gamma[[1]][[40]]
#>           [,1]      [,2]      [,3]
#> [1,] 0.3248464 0.3427905 0.3323631
#> [2,] 0.3294622 0.3558850 0.3146529
#> [3,] 0.3171232 0.3707762 0.3121006
#> 
#> $gamma[[1]][[41]]
#>           [,1]      [,2]      [,3]
#> [1,] 0.3305750 0.3613327 0.3080923
#> [2,] 0.3313198 0.3612186 0.3074616
#> [3,] 0.3453465 0.3690077 0.2856458
#> 
#> $gamma[[1]][[42]]
#>           [,1]      [,2]      [,3]
#> [1,] 0.3126795 0.3100523 0.3772683
#> [2,] 0.3259990 0.3464324 0.3275686
#> [3,] 0.2696193 0.3696074 0.3607732
#> 
#> $gamma[[1]][[43]]
#>           [,1]      [,2]      [,3]
#> [1,] 0.3214652 0.2883593 0.3901755
#> [2,] 0.3788295 0.4326203 0.1885501
#> [3,] 0.3855457 0.3174881 0.2969662
#> 
#> $gamma[[1]][[44]]
#>           [,1]      [,2]      [,3]
#> [1,] 0.3023790 0.2866763 0.4109447
#> [2,] 0.3233586 0.3395951 0.3370463
#> [3,] 0.2376522 0.3654272 0.3969206
#> 
#> $gamma[[1]][[45]]
#>           [,1]      [,2]      [,3]
#> [1,] 0.3004623 0.2826389 0.4168988
#> [2,] 0.3228863 0.3384023 0.3387114
#> [3,] 0.2323029 0.3644238 0.4032733
#> 
#> $gamma[[1]][[46]]
#>           [,1]      [,2]      [,3]
#> [1,] 0.3241290 0.2940447 0.3818263
#> [2,] 0.3789977 0.4340969 0.1869055
#> [3,] 0.3954739 0.3164072 0.2881188
#> 
#> $gamma[[1]][[47]]
#>           [,1]      [,2]      [,3]
#> [1,] 0.3041331 0.2904490 0.4054179
#> [2,] 0.3237954 0.3407061 0.3354985
#> [3,] 0.2426970 0.3662899 0.3910131
#> 
#> $gamma[[1]][[48]]
#>           [,1]      [,2]      [,3]
#> [1,] 0.3133388 0.3116612 0.3750000
#> [2,] 0.3261753 0.3468995 0.3269253
#> [3,] 0.2718809 0.3697928 0.3583263
#> 
#> $gamma[[1]][[49]]
#>           [,1]      [,2]      [,3]
#> [1,] 0.3030762 0.2881668 0.4087571
#> [2,] 0.3235316 0.3400345 0.3364339
#> [3,] 0.2396398 0.3657767 0.3945835
#> 
#> $gamma[[1]][[50]]
#>           [,1]      [,2]      [,3]
#> [1,] 0.3022493 0.2864006 0.4113501
#> [2,] 0.3233265 0.3395138 0.3371597
#> [3,] 0.2372852 0.3653613 0.3973535
#> 
#> $gamma[[1]][[51]]
#>           [,1]      [,2]      [,3]
#> [1,] 0.3307200 0.3618406 0.3074394
#> [2,] 0.3313697 0.3613647 0.3072656
#> [3,] 0.3461321 0.3689345 0.2849334
#> 
#> $gamma[[1]][[52]]
#>           [,1]      [,2]      [,3]
#> [1,] 0.3078057 0.2986081 0.3935862
#> [2,] 0.3247256 0.3430982 0.3321762
#> [3,] 0.2537590 0.3679084 0.3783326
#> 
#> $gamma[[1]][[53]]
#>           [,1]      [,2]      [,3]
#> [1,] 0.3335460 0.3722185 0.2942355
#> [2,] 0.3323793 0.3643543 0.3032665
#> [3,] 0.3623266 0.3671519 0.2705215
#> 
#> $gamma[[1]][[54]]
#>           [,1]      [,2]      [,3]
#> [1,] 0.3184439 0.3246904 0.3568657
#> [2,] 0.3275786 0.3506702 0.3217512
#> [3,] 0.2904777 0.3708070 0.3387153
#> 
#> $gamma[[1]][[55]]
#>           [,1]      [,2]      [,3]
#> [1,] 0.3346402 0.3765216 0.2888383
#> [2,] 0.3327921 0.3655959 0.3016120
#> [3,] 0.3691183 0.3662521 0.2646297
#> 
#> $gamma[[1]][[56]]
#>           [,1]      [,2]      [,3]
#> [1,] 0.3232776 0.3381393 0.3385831
#> [2,] 0.3289851 0.3545465 0.3164684
#> [3,] 0.3101885 0.3709441 0.3188675
#> 
#> $gamma[[1]][[57]]
#>           [,1]      [,2]      [,3]
#> [1,] 0.3310929 0.3631563 0.3057508
#> [2,] 0.3314988 0.3617435 0.3067577
#> [3,] 0.3481704 0.3687389 0.2830907
#> 
#> $gamma[[1]][[58]]
#>           [,1]      [,2]      [,3]
#> [1,] 0.3246705 0.3422612 0.3330684
#> [2,] 0.3294081 0.3557327 0.3148592
#> [3,] 0.3163310 0.3708009 0.3128682
#> 
#> $gamma[[1]][[59]]
#>           [,1]      [,2]      [,3]
#> [1,] 0.2974113 0.2763822 0.4262064
#> [2,] 0.3221442 0.3365453 0.3413105
#> [3,] 0.2241154 0.3627055 0.4131791
#> 
#> $gamma[[1]][[60]]
#>           [,1]      [,2]      [,3]
#> [1,] 0.3189626 0.2831824 0.3978550
#> [2,] 0.3786695 0.4312681 0.1900624
#> [3,] 0.3765189 0.3183331 0.3051480
#> 
#> $gamma[[1]][[61]]
#>           [,1]      [,2]      [,3]
#> [1,] 0.3181689 0.3239604 0.3578707
#> [2,] 0.3275011 0.3504594 0.3220395
#> [3,] 0.2894227 0.3707731 0.3398042
#> 
#> $gamma[[1]][[62]]
#>           [,1]      [,2]      [,3]
#> [1,] 0.3216896 0.3335833 0.3447271
#> [2,] 0.3285132 0.3532346 0.3182522
#> [3,] 0.3034538 0.3710012 0.3255449
#> 
#> $gamma[[1]][[63]]
#>           [,1]      [,2]      [,3]
#> [1,] 0.3345956 0.3763430 0.2890613
#> [2,] 0.3327750 0.3655444 0.3016806
#> [3,] 0.3688355 0.3662913 0.2648732
#> 
#> $gamma[[1]][[64]]
#>           [,1]      [,2]      [,3]
#> [1,] 0.3097816 0.3031567 0.3870618
#> [2,] 0.3252360 0.3444260 0.3303380
#> [3,] 0.2600151 0.3686636 0.3713213
#> 
#> $gamma[[1]][[65]]
#>           [,1]      [,2]      [,3]
#> [1,] 0.3359788 0.3820489 0.2819723
#> [2,] 0.3333175 0.3671931 0.2994894
#> [3,] 0.3779060 0.3649583 0.2571357
#> 
#> $gamma[[1]][[66]]
#>           [,1]      [,2]      [,3]
#> [1,] 0.3217720 0.3338162 0.3444119
#> [2,] 0.3285374 0.3533017 0.3181609
#> [3,] 0.3037966 0.3710009 0.3252025
#> 
#> $gamma[[1]][[67]]
#>           [,1]      [,2]      [,3]
#> [1,] 0.2985050 0.2786019 0.4228931
#> [2,] 0.3224090 0.3372054 0.3403857
#> [3,] 0.2270058 0.3633378 0.4096563
#> 
#> $gamma[[1]][[68]]
#>           [,1]      [,2]      [,3]
#> [1,] 0.3172305 0.2796857 0.4030838
#> [2,] 0.3785575 0.4303503 0.1910922
#> [3,] 0.3704306 0.3188273 0.3107420
#> 
#> $gamma[[1]][[69]]
#>           [,1]      [,2]      [,3]
#> [1,] 0.3321431 0.3669456 0.3009113
#> [2,] 0.3318688 0.3628346 0.3052966
#> [3,] 0.3540650 0.3681262 0.2778088
#> 
#> $gamma[[1]][[70]]
#>           [,1]      [,2]      [,3]
#> [1,] 0.3286334 0.3547365 0.3166301
#> [2,] 0.3306668 0.3593208 0.3100123
#> [3,] 0.3352028 0.3698381 0.2949591
#> 
#> $gamma[[1]][[71]]
#>           [,1]      [,2]      [,3]
#> [1,] 0.3153349 0.3166303 0.3680347
#> [2,] 0.3267154 0.3483399 0.3249447
#> [3,] 0.2789144 0.3702818 0.3508037
#> 
#> $gamma[[1]][[72]]
#>           [,1]      [,2]      [,3]
#> [1,] 0.3113795 0.2683446 0.4202759
#> [2,] 0.3781724 0.4273459 0.1944817
#> [3,] 0.3507445 0.3199960 0.3292594
#> 
#> $gamma[[1]][[73]]
#>           [,1]      [,2]      [,3]
#> [1,] 0.3338301 0.3166013 0.3495686
#> [2,] 0.3795895 0.4398816 0.1805289
#> [3,] 0.4349399 0.3106056 0.2544545
#> 
#> $gamma[[1]][[74]]
#>           [,1]      [,2]      [,3]
#> [1,] 0.2702821 0.2277737 0.5019442
#> [2,] 0.3158807 0.3216270 0.3624924
#> [3,] 0.1648430 0.3425965 0.4925605
#> 
#> $gamma[[1]][[75]]
#>           [,1]      [,2]      [,3]
#> [1,] 0.3196984 0.2846886 0.3956130
#> [2,] 0.3787167 0.4316624 0.1896209
#> [3,] 0.3791438 0.3181011 0.3027551
#> 
#> $gamma[[1]][[76]]
#>           [,1]      [,2]      [,3]
#> [1,] 0.3099940 0.3036530 0.3863530
#> [2,] 0.3252913 0.3445707 0.3301380
#> [3,] 0.2607015 0.3687396 0.3705589
#> 
#> $gamma[[1]][[77]]
#>           [,1]      [,2]      [,3]
#> [1,] 0.3157445 0.3176689 0.3665866
#> [2,] 0.3268276 0.3486405 0.3245319
#> [3,] 0.2803937 0.3703681 0.3492381
#> 
#> $gamma[[1]][[78]]
#>           [,1]      [,2]      [,3]
#> [1,] 0.3233571 0.2923777 0.3842651
#> [2,] 0.3789492 0.4336648 0.1873860
#> [3,] 0.3925616 0.3167406 0.2906979
#> 
#> $gamma[[1]][[79]]
#>           [,1]      [,2]      [,3]
#> [1,] 0.2957941 0.2410204 0.4631855
#> [2,] 0.3770951 0.4198965 0.2030084
#> [3,] 0.3038558 0.3199488 0.3761954
#> 
#> $gamma[[1]][[80]]
#>           [,1]      [,2]      [,3]
#> [1,] 0.3135853 0.3122666 0.3741481
#> [2,] 0.3262414 0.3470751 0.3266834
#> [3,] 0.2727339 0.3698591 0.3574070
#> 
#> $gamma[[1]][[81]]
#>           [,1]      [,2]      [,3]
#> [1,] 0.3197363 0.2847667 0.3954969
#> [2,] 0.3787192 0.4316828 0.1895981
#> [3,] 0.3792799 0.3180887 0.3026313
#> 
#> $gamma[[1]][[82]]
#>           [,1]      [,2]      [,3]
#> [1,] 0.3015383 0.2848948 0.4135669
#> [2,] 0.3231508 0.3390693 0.3377798
#> [3,] 0.2352855 0.3649947 0.3997198
#> 
#> $gamma[[1]][[83]]
#>           [,1]      [,2]      [,3]
#> [1,] 0.3174401 0.2801052 0.4024547
#> [2,] 0.3785711 0.4304606 0.1909683
#> [3,] 0.3711606 0.3187713 0.3100680
#> 
#> $gamma[[1]][[84]]
#>           [,1]      [,2]      [,3]
#> [1,] 0.3361941 0.3829681 0.2808378
#> [2,] 0.3334044 0.3674590 0.2991366
#> [3,] 0.3793741 0.3647282 0.2558977
#> 
#> $gamma[[1]][[85]]
#>           [,1]      [,2]      [,3]
#> [1,] 0.3215778 0.2885958 0.3898265
#> [2,] 0.3788367 0.4326819 0.1884814
#> [3,] 0.3859584 0.3174463 0.2965953
#> 
#> $gamma[[1]][[86]]
#>           [,1]      [,2]      [,3]
#> [1,] 0.3322923 0.3128012 0.3549064
#> [2,] 0.3794980 0.4389141 0.1815879
#> [3,] 0.4282886 0.3117470 0.2599644
#> 
#> $gamma[[1]][[87]]
#>           [,1]      [,2]      [,3]
#> [1,] 0.3257899 0.2976890 0.3765211
#> [2,] 0.3791013 0.4350390 0.1858597
#> [3,] 0.4018441 0.3156317 0.2825242
#> 
#> $gamma[[1]][[88]]
#>           [,1]      [,2]      [,3]
#> [1,] 0.3288398 0.3045984 0.3665618
#> [2,] 0.3792892 0.4368166 0.1838941
#> [3,] 0.4139311 0.3139874 0.2720815
#> 
#> $gamma[[1]][[89]]
#>           [,1]      [,2]      [,3]
#> [1,] 0.3382506 0.3922478 0.2695016
#> [2,] 0.3342732 0.3701488 0.2955779
#> [3,] 0.3943017 0.3621658 0.2435325
#> 
#> $gamma[[1]][[90]]
#>           [,1]      [,2]      [,3]
#> [1,] 0.2859678 0.2545150 0.4595172
#> [2,] 0.3194443 0.3299571 0.3505986
#> [3,] 0.1964895 0.3551413 0.4483691
#> 
#> $gamma[[1]][[91]]
#>           [,1]      [,2]      [,3]
#> [1,] 0.3193557 0.2839856 0.3966586
#> [2,] 0.3786947 0.4314784 0.1898268
#> [3,] 0.3779185 0.3182108 0.3038707
#> 
#> $gamma[[1]][[92]]
#>           [,1]      [,2]      [,3]
#> [1,] 0.3353039 0.3203371 0.3443590
#> [2,] 0.3796764 0.4408304 0.1794932
#> [3,] 0.4414772 0.3094210 0.2491018
#> 
#> $gamma[[1]][[93]]
#>           [,1]      [,2]      [,3]
#> [1,] 0.3211017 0.3319323 0.3469660
#> [2,] 0.3283410 0.3527590 0.3189000
#> [3,] 0.3010278 0.3709957 0.3279765
#> 
#> $gamma[[1]][[94]]
#>           [,1]      [,2]      [,3]
#> [1,] 0.3179591 0.3234060 0.3586349
#> [2,] 0.3274421 0.3502993 0.3222586
#> [3,] 0.2886224 0.3707456 0.3406321
#> 
#> $gamma[[1]][[95]]
#>           [,1]      [,2]      [,3]
#> [1,] 0.3366442 0.3238205 0.3395353
#> [2,] 0.3797546 0.4417132 0.1785323
#> [3,] 0.4475703 0.3082615 0.2441682
#> 
#> $gamma[[1]][[96]]
#>           [,1]      [,2]      [,3]
#> [1,] 0.3240632 0.2939020 0.3820348
#> [2,] 0.3789936 0.4340599 0.1869465
#> [3,] 0.3952245 0.3164363 0.2883392
#> 
#> $gamma[[1]][[97]]
#>           [,1]      [,2]      [,3]
#> [1,] 0.3428996 0.3413696 0.3157308
#> [2,] 0.3801087 0.4461373 0.1737540
#> [3,] 0.4782010 0.3016417 0.2201572
#> 
#> $gamma[[1]][[98]]
#>           [,1]      [,2]      [,3]
#> [1,] 0.3239394 0.2936338 0.3824268
#> [2,] 0.3789858 0.4339904 0.1870238
#> [3,] 0.3947559 0.3164906 0.2887534
#> 
#> $gamma[[1]][[99]]
#>           [,1]      [,2]      [,3]
#> [1,] 0.3301861 0.3077458 0.3620682
#> [2,] 0.3793712 0.4376230 0.1830059
#> [3,] 0.4194395 0.3131643 0.2673962
#> 
#> $gamma[[1]][[100]]
#>           [,1]      [,2]      [,3]
#> [1,] 0.3289630 0.3558311 0.3152059
#> [2,] 0.3307758 0.3596357 0.3095885
#> [3,] 0.3368783 0.3697157 0.2934060
#> 
#> $gamma[[1]][[101]]
#>           [,1]      [,2]      [,3]
#> [1,] 0.3228107 0.2912074 0.3859819
#> [2,] 0.3789147 0.4333611 0.1877242
#> [3,] 0.3905176 0.3169665 0.2925159
#> 
#> $gamma[[1]][[102]]
#>           [,1]      [,2]      [,3]
#> [1,] 0.3246707 0.3422619 0.3330674
#> [2,] 0.3294082 0.3557329 0.3148589
#> [3,] 0.3163320 0.3708009 0.3128671
#> 
#> $gamma[[1]][[103]]
#>           [,1]      [,2]      [,3]
#> [1,] 0.3447093 0.4327619 0.2225289
#> [2,] 0.3379043 0.3820598 0.2800359
#> [3,] 0.4614601 0.3459608 0.1925792
#> 
#> $gamma[[1]][[104]]
#>           [,1]      [,2]      [,3]
#> [1,] 0.2942645 0.2701311 0.4356044
#> [2,] 0.3213898 0.3346786 0.3439316
#> [3,] 0.2160601 0.3607905 0.4231494
#> 
#> $gamma[[1]][[105]]
#>           [,1]      [,2]      [,3]
#> [1,] 0.3331544 0.3707206 0.2961250
#> [2,] 0.3322348 0.3639224 0.3038428
#> [3,] 0.3599728 0.3674431 0.2725841
#> 
#> $gamma[[1]][[106]]
#>           [,1]      [,2]      [,3]
#> [1,] 0.3206774 0.3307523 0.3485703
#> [2,] 0.3282176 0.3524189 0.3193635
#> [3,] 0.2992985 0.3709833 0.3297182
#> 
#> $gamma[[1]][[107]]
#>           [,1]      [,2]      [,3]
#> [1,] 0.3118855 0.3081349 0.3799796
#> [2,] 0.3257881 0.3458752 0.3283366
#> [3,] 0.2669344 0.3693693 0.3636963
#> 
#> $gamma[[1]][[108]]
#>           [,1]      [,2]      [,3]
#> [1,] 0.3273803 0.3506599 0.3219598
#> [2,] 0.3302590 0.3581484 0.3115926
#> [3,] 0.3289903 0.3702403 0.3007694
#> 
#> $gamma[[1]][[109]]
#>           [,1]      [,2]      [,3]
#> [1,] 0.3245017 0.2948556 0.3806428
#> [2,] 0.3790210 0.4343068 0.1866722
#> [3,] 0.3968909 0.3162402 0.2868689
#> 
#> $gamma[[1]][[110]]
#>           [,1]      [,2]      [,3]
#> [1,] 0.3330680 0.3703928 0.2965392
#> [2,] 0.3322031 0.3638279 0.3039690
#> [3,] 0.3594585 0.3675053 0.2730362
#> 
#> $gamma[[1]][[111]]
#>           [,1]      [,2]      [,3]
#> [1,] 0.3380257 0.3911838 0.2707905
#> [2,] 0.3341743 0.3698399 0.2959857
#> [3,] 0.3925807 0.3624816 0.2449377
#> 
#> $gamma[[1]][[112]]
#>           [,1]      [,2]      [,3]
#> [1,] 0.3210770 0.3318636 0.3470594
#> [2,] 0.3283339 0.3527391 0.3189270
#> [3,] 0.3009269 0.3709952 0.3280778
#> 
#> $gamma[[1]][[113]]
#>           [,1]      [,2]      [,3]
#> [1,] 0.3241563 0.3407253 0.3351184
#> [2,] 0.3292509 0.3552908 0.3154583
#> [3,] 0.3140367 0.3708644 0.3150989
#> 
#> $gamma[[1]][[114]]
#>           [,1]      [,2]      [,3]
#> [1,] 0.3284724 0.3037503 0.3677773
#> [2,] 0.3792668 0.4365990 0.1841342
#> [3,] 0.4124470 0.3142013 0.2733516
#> 
#> $gamma[[1]][[115]]
#>           [,1]      [,2]      [,3]
#> [1,] 0.3332838 0.3712133 0.2955029
#> [2,] 0.3322823 0.3640644 0.3036532
#> [3,] 0.3607464 0.3673486 0.2719050
#> 
#> $gamma[[1]][[116]]
#>           [,1]      [,2]      [,3]
#> [1,] 0.3387250 0.3945362 0.2667388
#> [2,] 0.3344853 0.3708138 0.2947009
#> [3,] 0.3980116 0.3614672 0.2405212
#> 
#> $gamma[[1]][[117]]
#>           [,1]      [,2]      [,3]
#> [1,] 0.3197315 0.3281552 0.3521133
#> [2,] 0.3279449 0.3516700 0.3203851
#> [3,] 0.2955066 0.3709308 0.3335626
#> 
#> $gamma[[1]][[118]]
#>           [,1]      [,2]      [,3]
#> [1,] 0.3334699 0.3719258 0.2946044
#> [2,] 0.3323511 0.3642699 0.3033791
#> [3,] 0.3618662 0.3672097 0.2709241
#> 
#> $gamma[[1]][[119]]
#>           [,1]      [,2]      [,3]
#> [1,] 0.3546162 0.3838733 0.2615105
#> [2,] 0.3807003 0.4567784 0.1625213
#> [3,] 0.5513948 0.2807397 0.1678654
#> 
#> $gamma[[1]][[120]]
#>           [,1]      [,2]      [,3]
#> [1,] 0.3231531 0.2919398 0.3849071
#> [2,] 0.3789363 0.4335512 0.1875125
#> [3,] 0.3917966 0.3168259 0.2913775
#> 
#> $gamma[[1]][[121]]
#>           [,1]      [,2]      [,3]
#> [1,] 0.3334415 0.3718168 0.2947418
#> [2,] 0.3323405 0.3642384 0.3034210
#> [3,] 0.3616948 0.3672311 0.2710741
#> 
#> $gamma[[1]][[122]]
#>           [,1]      [,2]      [,3]
#> [1,] 0.3394375 0.3313722 0.3291903
#> [2,] 0.3799150 0.4436212 0.1764638
#> [3,] 0.4607675 0.3055695 0.2336630
#> 
#> $gamma[[1]][[123]]
#>           [,1]      [,2]      [,3]
#> [1,] 0.3194782 0.2842366 0.3962851
#> [2,] 0.3787026 0.4315441 0.1897533
#> [3,] 0.3783560 0.3181719 0.3034721
#> 
#> $gamma[[1]][[124]]
#>           [,1]      [,2]      [,3]
#> [1,] 0.3214983 0.3330441 0.3454576
#> [2,] 0.3284570 0.3530793 0.3184637
#> [3,] 0.3026606 0.3710010 0.3263384
#> 
#> $gamma[[1]][[125]]
#>           [,1]      [,2]      [,3]
#> [1,] 0.3140998 0.3135380 0.3723622
#> [2,] 0.3263800 0.3474438 0.3261761
#> [3,] 0.2745287 0.3699923 0.3554790
#> 
#> $gamma[[1]][[126]]
#>           [,1]      [,2]      [,3]
#> [1,] 0.3312747 0.3638033 0.3049220
#> [2,] 0.3315622 0.3619297 0.3065081
#> [3,] 0.3491743 0.3686395 0.2821862
#> 
#> $gamma[[1]][[127]]
#>           [,1]      [,2]      [,3]
#> [1,] 0.2891952 0.2604509 0.4503539
#> [2,] 0.3201945 0.3317624 0.3480431
#> [3,] 0.2038350 0.3574342 0.4387309
#> 
#> $gamma[[1]][[128]]
#>           [,1]      [,2]      [,3]
#> [1,] 0.2856346 0.2249744 0.4893910
#> [2,] 0.3763517 0.4153457 0.2083026
#> [3,] 0.2768161 0.3179173 0.4052666
#> 
#> $gamma[[1]][[129]]
#>           [,1]      [,2]      [,3]
#> [1,] 0.3254147 0.3445152 0.3300701
#> [2,] 0.3296379 0.3563811 0.3139810
#> [3,] 0.3197098 0.3706858 0.3096044
#> 
#> $gamma[[1]][[130]]
#>           [,1]      [,2]      [,3]
#> [1,] 0.3438605 0.4255328 0.2306066
#> [2,] 0.3372749 0.3799092 0.2828158
#> [3,] 0.4492681 0.3494412 0.2012907
#> 
#> $gamma[[1]][[131]]
#>           [,1]      [,2]      [,3]
#> [1,] 0.2981487 0.2778759 0.4239754
#> [2,] 0.3223225 0.3369896 0.3406878
#> [3,] 0.2260587 0.3631338 0.4108076
#> 
#> $gamma[[1]][[132]]
#>           [,1]      [,2]      [,3]
#> [1,] 0.3227946 0.3367382 0.3404672
#> [2,] 0.3288404 0.3541432 0.3170164
#> [3,] 0.3081111 0.3709730 0.3209159
#> 
#> $gamma[[1]][[133]]
#>           [,1]      [,2]      [,3]
#> [1,] 0.2817289 0.2469619 0.4713092
#> [2,] 0.3184694 0.3276391 0.3538915
#> [3,] 0.1873104 0.3519658 0.4607239
#> 
#> $gamma[[1]][[134]]
#>           [,1]      [,2]      [,3]
#> [1,] 0.3142206 0.3138378 0.3719415
#> [2,] 0.3264127 0.3475308 0.3260565
#> [3,] 0.2749528 0.3700225 0.3550247
#> 
#> $gamma[[1]][[135]]
#>           [,1]      [,2]      [,3]
#> [1,] 0.3267533 0.2998399 0.3734068
#> [2,] 0.3791610 0.4355935 0.1852455
#> [3,] 0.4056057 0.3151440 0.2792503
#> 
#> $gamma[[1]][[136]]
#>           [,1]      [,2]      [,3]
#> [1,] 0.3176168 0.2804597 0.4019235
#> [2,] 0.3785826 0.4305538 0.1908637
#> [3,] 0.3717775 0.3187233 0.3094992
#> 
#> $gamma[[1]][[137]]
#>           [,1]      [,2]      [,3]
#> [1,] 0.2881586 0.2585261 0.4533153
#> [2,] 0.3199527 0.3311785 0.3488688
#> [3,] 0.2014404 0.3567102 0.4418493
#> 
#> $gamma[[1]][[138]]
#>           [,1]      [,2]      [,3]
#> [1,] 0.3261879 0.3468984 0.3269137
#> [2,] 0.3298797 0.3570666 0.3130537
#> [3,] 0.3232970 0.3705360 0.3061670
#> 
#> $gamma[[1]][[139]]
#>           [,1]      [,2]      [,3]
#> [1,] 0.3016594 0.2508727 0.4474679
#> [2,] 0.3775094 0.4226214 0.1998692
#> [3,] 0.3206563 0.3204475 0.3588962
#> 
#> $gamma[[1]][[140]]
#>           [,1]      [,2]      [,3]
#> [1,] 0.3323284 0.3676275 0.3000441
#> [2,] 0.3319351 0.3630310 0.3050339
#> [3,] 0.3551296 0.3680082 0.2768622
#> 
#> $gamma[[1]][[141]]
#>           [,1]      [,2]      [,3]
#> [1,] 0.3387077 0.3944516 0.2668407
#> [2,] 0.3344774 0.3707892 0.2947333
#> [3,] 0.3978743 0.3614935 0.2406322
#> 
#> $gamma[[1]][[142]]
#>           [,1]      [,2]      [,3]
#> [1,] 0.3378617 0.3904165 0.2717219
#> [2,] 0.3341029 0.3696172 0.2962799
#> [3,] 0.3913409 0.3627058 0.2459533
#> 
#> $gamma[[1]][[143]]
#>           [,1]      [,2]      [,3]
#> [1,] 0.3196134 0.3278341 0.3525525
#> [2,] 0.3279111 0.3515774 0.3205115
#> [3,] 0.2950390 0.3709219 0.3340391
#> 
#> $gamma[[1]][[144]]
#>           [,1]      [,2]      [,3]
#> [1,] 0.3238985 0.3399618 0.3361397
#> [2,] 0.3291726 0.3550710 0.3157564
#> [3,] 0.3128985 0.3708915 0.3162100
#> 
#> $gamma[[1]][[145]]
#>           [,1]      [,2]      [,3]
#> [1,] 0.3278422 0.3521472 0.3200106
#> [2,] 0.3304082 0.3585761 0.3110157
#> [3,] 0.3312517 0.3701034 0.2986449
#> 
#> $gamma[[1]][[146]]
#>           [,1]      [,2]      [,3]
#> [1,] 0.3335985 0.3724212 0.2939803
#> [2,] 0.3323988 0.3644127 0.3031885
#> [3,] 0.3626455 0.3671117 0.2702428
#> 
#> $gamma[[1]][[147]]
#>           [,1]      [,2]      [,3]
#> [1,] 0.3456226 0.3498397 0.3045377
#> [2,] 0.3802563 0.4482625 0.1714812
#> [3,] 0.4929240 0.2980023 0.2090737
#> 
#> $gamma[[1]][[148]]
#>           [,1]      [,2]      [,3]
#> [1,] 0.2974225 0.2764048 0.4261727
#> [2,] 0.3221469 0.3365520 0.3413010
#> [3,] 0.2241447 0.3627120 0.4131433
#> 
#> $gamma[[1]][[149]]
#>           [,1]      [,2]      [,3]
#> [1,] 0.3227687 0.2911177 0.3861136
#> [2,] 0.3789121 0.4333378 0.1877501
#> [3,] 0.3903610 0.3169835 0.2926555
#> 
#> $gamma[[1]][[150]]
#>           [,1]      [,2]      [,3]
#> [1,] 0.3339728 0.3738758 0.2921514
#> [2,] 0.3325386 0.3648323 0.3026290
#> [3,] 0.3649371 0.3668165 0.2682464
#> 
#> $gamma[[1]][[151]]
#>           [,1]      [,2]      [,3]
#> [1,] 0.3109621 0.3059321 0.3831058
#> [2,] 0.3255446 0.3452345 0.3292209
#> [3,] 0.2638635 0.3690726 0.3670639
#> 
#> $gamma[[1]][[152]]
#>           [,1]      [,2]      [,3]
#> [1,] 0.2856112 0.2538692 0.4605196
#> [2,] 0.3193618 0.3297599 0.3508783
#> [3,] 0.1956974 0.3548811 0.4494215
#> 
#> $gamma[[1]][[153]]
#>           [,1]      [,2]      [,3]
#> [1,] 0.3361219 0.3826590 0.2812192
#> [2,] 0.3333752 0.3673696 0.2992552
#> [3,] 0.3788801 0.3648061 0.2563138
#> 
#> $gamma[[1]][[154]]
#>           [,1]      [,2]      [,3]
#> [1,] 0.3150834 0.3159958 0.3689207
#> [2,] 0.3266468 0.3481561 0.3251971
#> [3,] 0.2780122 0.3702264 0.3517613
#> 
#> $gamma[[1]][[155]]
#>           [,1]      [,2]      [,3]
#> [1,] 0.3067563 0.2962388 0.3970049
#> [2,] 0.3244574 0.3424050 0.3331376
#> [3,] 0.2505255 0.3674733 0.3820012
#> 
#> $gamma[[1]][[156]]
#>           [,1]      [,2]      [,3]
#> [1,] 0.3474060 0.3557418 0.2968522
#> [2,] 0.3803503 0.4497408 0.1699089
#> [3,] 0.5031505 0.2953039 0.2015456
#> 
#> $gamma[[1]][[157]]
#>           [,1]      [,2]      [,3]
#> [1,] 0.2957333 0.2730244 0.4312423
#> [2,] 0.3217407 0.3355441 0.3427153
#> [3,] 0.2197729 0.3617015 0.4185257
#> 
#> $gamma[[1]][[158]]
#>           [,1]      [,2]      [,3]
#> [1,] 0.3239814 0.3402067 0.3358119
#> [2,] 0.3291977 0.3551415 0.3156607
#> [3,] 0.3132635 0.3708831 0.3158534
#> 
#> $gamma[[1]][[159]]
#>           [,1]      [,2]      [,3]
#> [1,] 0.3231336 0.3377202 0.3391462
#> [2,] 0.3289419 0.3544259 0.3166322
#> [3,] 0.3095665 0.3709538 0.3194798
#> 
#> $gamma[[1]][[160]]
#>           [,1]      [,2]      [,3]
#> [1,] 0.3034734 0.2540186 0.4425080
#> [2,] 0.3776353 0.4234817 0.1988830
#> [3,] 0.3260481 0.3204905 0.3534614
#> 
#> $gamma[[1]][[161]]
#>           [,1]      [,2]      [,3]
#> [1,] 0.3280067 0.3526814 0.3193119
#> [2,] 0.3304617 0.3587298 0.3108086
#> [3,] 0.3320654 0.3700515 0.2978831
#> 
#> $gamma[[1]][[162]]
#>           [,1]      [,2]      [,3]
#> [1,] 0.3237694 0.3395809 0.3366496
#> [2,] 0.3291335 0.3549614 0.3159051
#> [3,] 0.3123314 0.3709039 0.3167647
#> 
#> $gamma[[1]][[163]]
#>           [,1]      [,2]      [,3]
#> [1,] 0.2774401 0.2128412 0.5097187
#> [2,] 0.3757271 0.4117960 0.2124769
#> [3,] 0.2566832 0.3153362 0.4279806
#> 
#> $gamma[[1]][[164]]
#>           [,1]      [,2]      [,3]
#> [1,] 0.3280600 0.3528548 0.3190851
#> [2,] 0.3304790 0.3587796 0.3107413
#> [3,] 0.3323298 0.3700343 0.2976359
#> 
#> $gamma[[1]][[165]]
#>           [,1]      [,2]      [,3]
#> [1,] 0.3350471 0.3781694 0.2867836
#> [2,] 0.3329493 0.3660718 0.3009790
#> [3,] 0.3717306 0.3658826 0.2623868
#> 
#> $gamma[[1]][[166]]
#>           [,1]      [,2]      [,3]
#> [1,] 0.3160842 0.3185357 0.3653801
#> [2,] 0.3269209 0.3488914 0.3241877
#> [3,] 0.2816307 0.3704359 0.3479334
#> 
#> $gamma[[1]][[167]]
#>           [,1]      [,2]      [,3]
#> [1,] 0.3184908 0.2822232 0.3992860
#> [2,] 0.3786391 0.4310167 0.1903442
#> [3,] 0.3748480 0.3184748 0.3066771
#> 
#> $gamma[[1]][[168]]
#>           [,1]      [,2]      [,3]
#> [1,] 0.3234817 0.3387359 0.3377824
#> [2,] 0.3290465 0.3547182 0.3162352
#> [3,] 0.3110745 0.3709287 0.3179968
#> 
#> $gamma[[1]][[169]]
#>           [,1]      [,2]      [,3]
#> [1,] 0.3381945 0.3279603 0.3338453
#> [2,] 0.3798441 0.4427600 0.1773959
#> [3,] 0.4548073 0.3068157 0.2383770
#> 
#> $gamma[[1]][[170]]
#>           [,1]      [,2]      [,3]
#> [1,] 0.3219184 0.3342309 0.3438507
#> [2,] 0.3285805 0.3534212 0.3179983
#> [3,] 0.3044076 0.3709996 0.3245929
#> 
#> $gamma[[1]][[171]]
#>           [,1]      [,2]      [,3]
#> [1,] 0.3102640 0.3042856 0.3854505
#> [2,] 0.3253618 0.3447550 0.3298832
#> [3,] 0.2615775 0.3688347 0.3695878
#> 
#> $gamma[[1]][[172]]
#>           [,1]      [,2]      [,3]
#> [1,] 0.3301319 0.3597951 0.3100731
#> [2,] 0.3311683 0.3607761 0.3080556
#> [3,] 0.3429718 0.3692211 0.2878070
#> 
#> $gamma[[1]][[173]]
#>           [,1]      [,2]      [,3]
#> [1,] 0.3214279 0.2882809 0.3902913
#> [2,] 0.3788272 0.4325999 0.1885729
#> [3,] 0.3854089 0.3175019 0.2970892
#> 
#> $gamma[[1]][[174]]
#>           [,1]      [,2]      [,3]
#> [1,] 0.3340254 0.3740820 0.2918926
#> [2,] 0.3325584 0.3648918 0.3025497
#> [3,] 0.3652624 0.3667738 0.2679638
#> 
#> $gamma[[1]][[175]]
#>           [,1]      [,2]      [,3]
#> [1,] 0.3091718 0.2642371 0.4265911
#> [2,] 0.3780244 0.4262464 0.1957292
#> [3,] 0.3436418 0.3202518 0.3361064
#> 
#> $gamma[[1]][[176]]
#>           [,1]      [,2]      [,3]
#> [1,] 0.3191891 0.3266860 0.3541249
#> [2,] 0.3277899 0.3512462 0.3209639
#> [3,] 0.2933700 0.3708858 0.3357443
#> 
#> $gamma[[1]][[177]]
#>           [,1]      [,2]      [,3]
#> [1,] 0.3181630 0.2815598 0.4002772
#> [2,] 0.3786179 0.4308427 0.1905394
#> [3,] 0.3736927 0.3185702 0.3077371
#> 
#> $gamma[[1]][[178]]
#>           [,1]      [,2]      [,3]
#> [1,] 0.3359012 0.3817200 0.2823788
#> [2,] 0.3332864 0.3670980 0.2996156
#> [3,] 0.3773811 0.3650396 0.2575792
#> 
#> $gamma[[1]][[179]]
#>           [,1]      [,2]      [,3]
#> [1,] 0.2823259 0.2480099 0.4696642
#> [2,] 0.3186060 0.3279622 0.3534318
#> [3,] 0.1885727 0.3524236 0.4590037
#> 
#> $gamma[[1]][[180]]
#>           [,1]      [,2]      [,3]
#> [1,] 0.3458673 0.3506313 0.3035014
#> [2,] 0.3802693 0.4484608 0.1712698
#> [3,] 0.4942973 0.2976480 0.2080547
#> 
#> $gamma[[1]][[181]]
#>           [,1]      [,2]      [,3]
#> [1,] 0.3369412 0.3862300 0.2768288
#> [2,] 0.3337114 0.3684034 0.2978852
#> [3,] 0.3845996 0.3638770 0.2515234
#> 
#> $gamma[[1]][[182]]
#>           [,1]      [,2]      [,3]
#> [1,] 0.3335422 0.3722041 0.2942537
#> [2,] 0.3323779 0.3643501 0.3032720
#> [3,] 0.3623039 0.3671548 0.2705413
#> 
#> $gamma[[1]][[183]]
#>           [,1]      [,2]      [,3]
#> [1,] 0.3262570 0.2987284 0.3750146
#> [2,] 0.3791303 0.4353071 0.1855626
#> [3,] 0.4036616 0.3153988 0.2809396
#> 
#> $gamma[[1]][[184]]
#>           [,1]      [,2]      [,3]
#> [1,] 0.3204886 0.3302303 0.3492811
#> [2,] 0.3281629 0.3522684 0.3195687
#> [3,] 0.2985348 0.3709755 0.3304897
#> 
#> $gamma[[1]][[185]]
#>           [,1]      [,2]      [,3]
#> [1,] 0.3075216 0.2979636 0.3945148
#> [2,] 0.3246528 0.3429097 0.3324375
#> [3,] 0.2528777 0.3677929 0.3793294
#> 
#> $gamma[[1]][[186]]
#>           [,1]      [,2]      [,3]
#> [1,] 0.3212562 0.2879210 0.3908229
#> [2,] 0.3788162 0.4325061 0.1886776
#> [3,] 0.3847809 0.3175649 0.2976543
#> 
#> $gamma[[1]][[187]]
#>           [,1]      [,2]      [,3]
#> [1,] 0.2891353 0.2603391 0.4505255
#> [2,] 0.3201805 0.3317285 0.3480910
#> [3,] 0.2036956 0.3573927 0.4389117
#> 
#> $gamma[[1]][[188]]
#>           [,1]      [,2]      [,3]
#> [1,] 0.3249342 0.3430558 0.3320099
#> [2,] 0.3294893 0.3559613 0.3145495
#> [3,] 0.3175205 0.3707633 0.3117162
#> 
#> $gamma[[1]][[189]]
#>           [,1]      [,2]      [,3]
#> [1,] 0.3218725 0.3341008 0.3440267
#> [2,] 0.3285670 0.3533837 0.3180493
#> [3,] 0.3042159 0.3710001 0.3247841
#> 
#> $gamma[[1]][[190]]
#>           [,1]      [,2]      [,3]
#> [1,] 0.2886849 0.2595010 0.4518141
#> [2,] 0.3200754 0.3314744 0.3484502
#> [3,] 0.2026518 0.3570793 0.4402689
#> 
#> $gamma[[1]][[191]]
#>           [,1]      [,2]      [,3]
#> [1,] 0.3215099 0.3330767 0.3454134
#> [2,] 0.3284604 0.3530887 0.3184509
#> [3,] 0.3027086 0.3710010 0.3262904
#> 
#> $gamma[[1]][[192]]
#>           [,1]      [,2]      [,3]
#> [1,] 0.3372945 0.3878136 0.2748919
#> [2,] 0.3338599 0.3688622 0.2972779
#> [3,] 0.3871451 0.3634444 0.2494106
#> 
#> $gamma[[1]][[193]]
#>           [,1]      [,2]      [,3]
#> [1,] 0.3256765 0.3453175 0.3290059
#> [2,] 0.3297195 0.3566119 0.3136687
#> [3,] 0.3209157 0.3706386 0.3084457
#> 
#> $gamma[[1]][[194]]
#>           [,1]      [,2]      [,3]
#> [1,] 0.3020602 0.2859988 0.4119410
#> [2,] 0.3232797 0.3393953 0.3373250
#> [3,] 0.2367509 0.3652646 0.3979845
#> 
#> $gamma[[1]][[195]]
#>           [,1]      [,2]      [,3]
#> [1,] 0.3087135 0.3006832 0.3906033
#> [2,] 0.3249592 0.3437044 0.3313364
#> [3,] 0.2566053 0.3682660 0.3751287
#> 
#> $gamma[[1]][[196]]
#>           [,1]      [,2]      [,3]
#> [1,] 0.3147944 0.3152699 0.3699357
#> [2,] 0.3265682 0.3479458 0.3254860
#> [3,] 0.2769815 0.3701605 0.3528581
#> 
#> $gamma[[1]][[197]]
#>           [,1]      [,2]      [,3]
#> [1,] 0.2854948 0.2536589 0.4608463
#> [2,] 0.3193349 0.3296956 0.3509695
#> [3,] 0.1954396 0.3547959 0.4497644
#> 
#> $gamma[[1]][[198]]
#>           [,1]      [,2]      [,3]
#> [1,] 0.3000701 0.2818233 0.4181066
#> [2,] 0.3227903 0.3381608 0.3390489
#> [3,] 0.2312285 0.3642111 0.4045604
#> 
#> $gamma[[1]][[199]]
#>           [,1]      [,2]      [,3]
#> [1,] 0.3280140 0.3527049 0.3192811
#> [2,] 0.3304640 0.3587365 0.3107995
#> [3,] 0.3321012 0.3700492 0.2978496
#> 
#> $gamma[[1]][[200]]
#>           [,1]      [,2]      [,3]
#> [1,] 0.3401637 0.4019034 0.2579328
#> [2,] 0.3351621 0.3729599 0.2918780
#> [3,] 0.4100290 0.3590401 0.2309309
#> 
#> $gamma[[1]][[201]]
#>           [,1]      [,2]      [,3]
#> [1,] 0.3370132 0.3247949 0.3381919
#> [2,] 0.3797760 0.4419598 0.1782643
#> [3,] 0.4492742 0.3079278 0.2427980
#> 
#> $gamma[[1]][[202]]
#>           [,1]      [,2]      [,3]
#> [1,] 0.3298015 0.3586614 0.3115371
