
<!-- README.md is generated from README.Rmd. Please edit that file -->

# lizardHMM

<!-- badges: start -->

<!-- badges: end -->

The goal of lizardHMM is to fit lizard movement data with Hidden Markov
Models.

## Installation

You can install the released version of lizardHMM from
[CRAN](https://CRAN.R-project.org) with:

``` r
install.packages("lizardHMM")
```

And the development version from [GitHub](https://github.com/) with:

``` r
# install.packages("devtools")
devtools::install_github("simonecollier/lizardHMM")
```

## Example

Set up a basic HMM with data distributed according to normal state
dependent distributions. This HMM will have 3 states, 2 variables, 1
subject, and 2 covariates (included in the computation of the transition
probability matrix). We also define the design matrix which indicates
the values of the covariates at each point in time. Then we go about
generating data from this HMM.

``` r
library(lizardHMM)

hmm1 <- list(num_states = 3,
             num_variables = 2,
             num_subjects = 1,
             mu = list(matrix(c(12, 18, 22), ncol = 3, nrow = 1, byrow = TRUE), 
                       matrix(c(-12, -7, 0), ncol = 3, nrow = 1, byrow = TRUE)),
             sigma = list(matrix(c(3, 1, 1.5), ncol = 3, nrow = 1, byrow = TRUE), 
                          matrix(c(1, 3, 2), ncol = 3, nrow = 1, byrow = TRUE)),
             beta  = matrix(c(0.01, 0.02, 0.001,
                              0.01, 0.03, 0.004,
                              0.01, 0.01, 0.003,
                              0.01, 0.04, 0.002,
                              0.01, 0.01, 0.004,
                              0.01, 0.03, 0.001), ncol = 3, nrow = 6, byrow = TRUE),
             delta = list(c(0.3, 0.02, 0.5)))

num_sample <- 1000

design           <- list(matrix(0, nrow = 1000, ncol = 3))
design[[1]][, 1] <- 1 # First column is the intercept
design[[1]][, 2] <- sample(c(0, 1), size = 1000, 
                           prob = c(0.3, 0.7), replace = TRUE)
design[[1]][, 3] <- rnorm(1000, mean = 5, sd = 1)

# norm_gamma(hmm1$num_states, hmm1$num_subjects, num_sample, hmm1$beta, design)

sample <- norm_generate_sample(num_sample, hmm1, design)
x      <- sample$observ

timeseries_plot(x, sample$state, hmm1$num_subjects, hmm1$num_variables)
#> [[1]]
```

<img src="man/figures/README-HMM Setup-1.png" width="100%" />

    #> 
    #> [[2]]

<img src="man/figures/README-HMM Setup-2.png" width="100%" />

Now we can try fitting the data we generated with a basic HMM with
reasonable guesses for the initial parameters.

``` r
num_states = 3
num_variables = 2
num_subjects = 1
num_covariates = 2
mu0 <- list(matrix(c(11, 19, 23), ncol = 3, nrow = 1, byrow = TRUE),
            matrix(c(-10, -5, 1), ncol = 3, nrow = 1, byrow = TRUE))
sigma0 <- list(matrix(c(3, 3, 3), ncol = 3, nrow = 1, byrow = TRUE),
               matrix(c(3, 3, 3), ncol = 3, nrow = 1, byrow = TRUE))
beta0 <- matrix(c(-2, 0, 0,
                  -2, 0, 0,
                  -2, 0, 0,
                  -2, 0, 0,
                  -2, 0, 0,
                  -2, 0, 0), ncol = 3, nrow = 6, byrow = TRUE)
delta0 <- list(c(1/3, 1/3, 1/3))

hmm_fit <- norm_fit_hmm(x, design, num_states, num_variables, num_subjects,
                        num_covariates, mu0, sigma0, beta0, delta0,
                        iterlim = 200, hessian = TRUE)
hmm_fit
#> $num_states
#> [1] 3
#> 
#> $num_variables
#> [1] 2
#> 
#> $num_subjects
#> [1] 1
#> 
#> $mu
#> $mu$`1`
#>          [,1]     [,2]     [,3]
#> [1,] 11.95892 18.08239 22.08567
#> 
#> $mu$`2`
#>           [,1]      [,2]      [,3]
#> [1,] -11.85093 -6.840818 0.1640402
#> 
#> 
#> $sigma
#> $sigma$`1`
#>          [,1]     [,2]     [,3]
#> [1,] 2.895488 1.109182 1.417587
#> 
#> $sigma$`2`
#>          [,1]     [,2]    [,3]
#> [1,] 1.001049 2.984401 1.92032
#> 
#> 
#> $gamma
#> $gamma[[1]]
#> $gamma[[1]][[1]]
#>           [,1]      [,2]      [,3]
#> [1,] 0.3468965 0.3007786 0.3523249
#> [2,] 0.3800589 0.3135170 0.3064241
#> [3,] 0.3597049 0.3376093 0.3026857
#> 
#> $gamma[[1]][[2]]
#>           [,1]      [,2]      [,3]
#> [1,] 0.3085215 0.3818414 0.3096371
#> [2,] 0.3930245 0.3045995 0.3023760
#> [3,] 0.3294961 0.3465070 0.3239969
#> 
#> $gamma[[1]][[3]]
#>           [,1]      [,2]      [,3]
#> [1,] 0.2796249 0.4420295 0.2783456
#> [2,] 0.4020214 0.2984853 0.2994933
#> [3,] 0.3094391 0.3518866 0.3386744
#> 
#> $gamma[[1]][[4]]
#>           [,1]      [,2]      [,3]
#> [1,] 0.3648215 0.3661062 0.2690723
#> [2,] 0.3820276 0.3045467 0.3134257
#> [3,] 0.2301452 0.4145072 0.3553476
#> 
#> $gamma[[1]][[5]]
#>           [,1]      [,2]      [,3]
#> [1,] 0.3634291 0.3686213 0.2679496
#> [2,] 0.3824136 0.3042845 0.3133019
#> [3,] 0.2294387 0.4146463 0.3559150
#> 
#> $gamma[[1]][[6]]
#>           [,1]      [,2]      [,3]
#> [1,] 0.3220768 0.4428695 0.2350536
#> [2,] 0.3934751 0.2968180 0.3097068
#> [3,] 0.2099055 0.4180915 0.3720031
#> 
#> $gamma[[1]][[7]]
#>           [,1]      [,2]      [,3]
#> [1,] 0.2448372 0.5137465 0.2414163
#> [2,] 0.4125076 0.2914327 0.2960597
#> [3,] 0.2870412 0.3573394 0.3556194
#> 
#> $gamma[[1]][[8]]
#>           [,1]      [,2]      [,3]
#> [1,] 0.3185423 0.3608133 0.3206443
#> [2,] 0.3897826 0.3068173 0.3034001
#> [3,] 0.3369081 0.3444090 0.3186829
#> 
#> $gamma[[1]][[9]]
#>           [,1]      [,2]      [,3]
#> [1,] 0.3340117 0.3281670 0.3378214
#> [2,] 0.3845963 0.3103817 0.3050220
#> [3,] 0.3489633 0.3408768 0.3101599
#> 
#> $gamma[[1]][[10]]
#>           [,1]      [,2]      [,3]
#> [1,] 0.3294778 0.3377602 0.3327620
#> [2,] 0.3861426 0.3093169 0.3045406
#> [3,] 0.3453440 0.3419525 0.3127035
#> 
#> $gamma[[1]][[11]]
#>           [,1]      [,2]      [,3]
#> [1,] 0.3420303 0.4071455 0.2508243
#> [2,] 0.3882198 0.3003537 0.3114265
#> [3,] 0.2190138 0.4165838 0.3644024
#> 
#> $gamma[[1]][[12]]
#>           [,1]      [,2]      [,3]
#> [1,] 0.3379128 0.3198948 0.3421924
#> [2,] 0.3832461 0.3113130 0.3054409
#> [3,] 0.3521410 0.3399217 0.3079373
#> 
#> $gamma[[1]][[13]]
#>           [,1]      [,2]      [,3]
#> [1,] 0.3609678 0.3730647 0.2659676
#> [2,] 0.3830931 0.3038231 0.3130838
#> [3,] 0.2281989 0.4148881 0.3569131
#> 
#> $gamma[[1]][[14]]
#>           [,1]      [,2]      [,3]
#> [1,] 0.2789456 0.4434373 0.2776171
#> [2,] 0.4022285 0.2983453 0.2994262
#> [3,] 0.3089865 0.3520027 0.3390108
#> 
#> $gamma[[1]][[15]]
#>           [,1]      [,2]      [,3]
#> [1,] 0.2851402 0.4305890 0.2842708
#> [2,] 0.4003346 0.2996272 0.3000383
#> [3,] 0.3131413 0.3509275 0.3359312
#> 
#> $gamma[[1]][[16]]
#>           [,1]      [,2]      [,3]
#> [1,] 0.3237116 0.3499303 0.3263580
#> [2,] 0.3880766 0.3079875 0.3039359
#> [3,] 0.3408469 0.3432710 0.3158821
#> 
#> $gamma[[1]][[17]]
#>           [,1]      [,2]      [,3]
#> [1,] 0.3478192 0.2988095 0.3533713
#> [2,] 0.3797248 0.3137484 0.3065267
#> [3,] 0.3605029 0.3373622 0.3021348
#> 
#> $gamma[[1]][[18]]
#>           [,1]      [,2]      [,3]
#> [1,] 0.3453922 0.3039864 0.3506215
#> [2,] 0.3806008 0.3131417 0.3062575
#> [3,] 0.3584128 0.3380082 0.3035790
#> 
#> $gamma[[1]][[19]]
#>           [,1]      [,2]      [,3]
#> [1,] 0.3223488 0.3528020 0.3248492
#> [2,] 0.3885288 0.3076771 0.3037941
#> [3,] 0.3398003 0.3435749 0.3166248
#> 
#> $gamma[[1]][[20]]
#>           [,1]      [,2]      [,3]
#> [1,] 0.3211947 0.3552324 0.3235729
#> [2,] 0.3889103 0.3074153 0.3036743
#> [3,] 0.3389186 0.3438300 0.3172513
#> 
#> $gamma[[1]][[21]]
#>           [,1]      [,2]      [,3]
#> [1,] 0.4043942 0.2941137 0.3014921
#> [2,] 0.3704493 0.3124674 0.3170833
#> [3,] 0.2521399 0.4097199 0.3381402
#> 
#> $gamma[[1]][[22]]
#>           [,1]      [,2]      [,3]
#> [1,] 0.3654886 0.2608771 0.3736343
#> [2,] 0.3730357 0.3184014 0.3085628
#> [3,] 0.3766766 0.3322276 0.2910958
#> 
#> $gamma[[1]][[23]]
#>           [,1]      [,2]      [,3]
#> [1,] 0.3666926 0.2582750 0.3750323
#> [2,] 0.3725569 0.3187359 0.3087072
#> [3,] 0.3778486 0.3318463 0.2903050
#> 
#> $gamma[[1]][[24]]
#>           [,1]      [,2]      [,3]
#> [1,] 0.2988989 0.4019541 0.2991469
#> [2,] 0.3960696 0.3025234 0.3014070
#> [3,] 0.3226223 0.3484006 0.3289771
#> 
#> $gamma[[1]][[25]]
#>           [,1]      [,2]      [,3]
#> [1,] 0.3092871 0.3802379 0.3104750
#> [2,] 0.3927795 0.3047668 0.3024537
#> [3,] 0.3300528 0.3463514 0.3235958
#> 
#> $gamma[[1]][[26]]
#>           [,1]      [,2]      [,3]
#> [1,] 0.3744978 0.3485968 0.2769054
#> [2,] 0.3793121 0.3063949 0.3142930
#> [3,] 0.2351648 0.4134917 0.3513435
#> 
#> $gamma[[1]][[27]]
#>           [,1]      [,2]      [,3]
#> [1,] 0.2874458 0.4258001 0.2867541
#> [2,] 0.3996259 0.3001075 0.3002666
#> [3,] 0.3147047 0.3505178 0.3347776
#> 
#> $gamma[[1]][[28]]
#>           [,1]      [,2]      [,3]
#> [1,] 0.3234719 0.3504356 0.3260925
#> [2,] 0.3881563 0.3079328 0.3039109
#> [3,] 0.3406624 0.3433246 0.3160130
#> 
#> $gamma[[1]][[29]]
#>           [,1]      [,2]      [,3]
#> [1,] 0.3039572 0.4751640 0.2208788
#> [2,] 0.3981690 0.2936776 0.3081534
#> [3,] 0.2020296 0.4192458 0.3787246
#> 
#> $gamma[[1]][[30]]
#>           [,1]      [,2]      [,3]
#> [1,] 0.2699503 0.4620491 0.2680006
#> [2,] 0.4049576 0.2965027 0.2985398
#> [3,] 0.3030600 0.3535017 0.3434383
#> 
#> $gamma[[1]][[31]]
#>           [,1]      [,2]      [,3]
#> [1,] 0.3880842 0.3239144 0.2880013
#> [2,] 0.3753850 0.3090779 0.3155371
#> [3,] 0.2425741 0.4119076 0.3455182
#> 
#> $gamma[[1]][[32]]
#>           [,1]      [,2]      [,3]
#> [1,] 0.2903793 0.4197017 0.2899190
#> [2,] 0.3987211 0.3007213 0.3005576
#> [3,] 0.3167078 0.3499887 0.3333034
#> 
#> $gamma[[1]][[33]]
#>           [,1]      [,2]      [,3]
#> [1,] 0.2393001 0.5250965 0.2356034
#> [2,] 0.4141704 0.2903215 0.2955081
#> [3,] 0.2835885 0.3581239 0.3582877
#> 
#> $gamma[[1]][[34]]
#>           [,1]      [,2]      [,3]
#> [1,] 0.1893450 0.6267844 0.1838706
#> [2,] 0.4295322 0.2801457 0.2903222
#> [3,] 0.2529923 0.3643523 0.3826554
#> 
#> $gamma[[1]][[35]]
#>           [,1]      [,2]      [,3]
#> [1,] 0.3477691 0.2989165 0.3533144
#> [2,] 0.3797430 0.3137358 0.3065211
#> [3,] 0.3604595 0.3373757 0.3021648
#> 
#> $gamma[[1]][[36]]
#>           [,1]      [,2]      [,3]
#> [1,] 0.3466203 0.3013677 0.3520120
#> [2,] 0.3801587 0.3134479 0.3063935
#> [3,] 0.3594669 0.3376829 0.3028501
#> 
#> $gamma[[1]][[37]]
#>           [,1]      [,2]      [,3]
#> [1,] 0.3206113 0.4454865 0.2339022
#> [2,] 0.3938569 0.2965620 0.3095811
#> [3,] 0.2092558 0.4181921 0.3725522
#> 
#> $gamma[[1]][[38]]
#>           [,1]      [,2]      [,3]
#> [1,] 0.2752449 0.4511006 0.2736545
#> [2,] 0.4033539 0.2975848 0.2990613
#> [3,] 0.3065339 0.3526281 0.3408380
#> 
#> $gamma[[1]][[39]]
#>           [,1]      [,2]      [,3]
#> [1,] 0.3176010 0.3627924 0.3196066
#> [2,] 0.3900906 0.3066063 0.3033032
#> [3,] 0.3361997 0.3446119 0.3191883
#> 
#> $gamma[[1]][[40]]
#>           [,1]      [,2]      [,3]
#> [1,] 0.3389025 0.3177936 0.3433039
#> [2,] 0.3829005 0.3115516 0.3055479
#> [3,] 0.3529569 0.3396749 0.3073682
#> 
#> $gamma[[1]][[41]]
#>           [,1]      [,2]      [,3]
#> [1,] 0.3322656 0.3318640 0.3358704
#> [2,] 0.3851946 0.3099695 0.3048359
#> [3,] 0.3475604 0.3412953 0.3111444
#> 
#> $gamma[[1]][[42]]
#>           [,1]      [,2]      [,3]
#> [1,] 0.3288287 0.3391319 0.3320394
#> [2,] 0.3863620 0.3091659 0.3044721
#> [3,] 0.3448320 0.3421036 0.3130644
#> 
#> $gamma[[1]][[43]]
#>           [,1]      [,2]      [,3]
#> [1,] 0.3583699 0.3777510 0.2638792
#> [2,] 0.3838066 0.3033390 0.3128543
#> [3,] 0.2269025 0.4151376 0.3579598
#> 
#> $gamma[[1]][[44]]
#>           [,1]      [,2]      [,3]
#> [1,] 0.2329358 0.5381217 0.2289425
#> [2,] 0.4160855 0.2890441 0.2948704
#> [3,] 0.2796456 0.3590005 0.3613539
#> 
#> $gamma[[1]][[45]]
#>           [,1]      [,2]      [,3]
#> [1,] 0.3386106 0.3184133 0.3429760
#> [2,] 0.3830026 0.3114812 0.3055163
#> [3,] 0.3527159 0.3397479 0.3075362
#> 
#> $gamma[[1]][[46]]
#>           [,1]      [,2]      [,3]
#> [1,] 0.3272193 0.4336794 0.2391012
#> [2,] 0.3921316 0.2977200 0.3101485
#> [3,] 0.2122048 0.4177279 0.3700674
#> 
#> $gamma[[1]][[47]]
#>           [,1]      [,2]      [,3]
#> [1,] 0.2952980 0.4094619 0.2952401
#> [2,] 0.3971949 0.3017580 0.3010471
#> [3,] 0.3201042 0.3490815 0.3308143
#> 
#> $gamma[[1]][[48]]
#>           [,1]      [,2]      [,3]
#> [1,] 0.3866787 0.2146847 0.3986367
#> [2,] 0.3640382 0.3247164 0.3112454
#> [3,] 0.3989990 0.3247636 0.2762373
#> 
#> $gamma[[1]][[49]]
#>           [,1]      [,2]      [,3]
#> [1,] 0.2743619 0.4529278 0.2727103
#> [2,] 0.4036218 0.2974038 0.2989743
#> [3,] 0.3059517 0.3527755 0.3412728
#> 
#> $gamma[[1]][[50]]
#>           [,1]      [,2]      [,3]
#> [1,] 0.3695299 0.3575932 0.2728769
#> [2,] 0.3807139 0.3054401 0.3138460
#> [3,] 0.2325631 0.4140240 0.3534129
#> 
#> $gamma[[1]][[51]]
#>           [,1]      [,2]      [,3]
#> [1,] 0.2573462 0.4880421 0.2546117
#> [2,] 0.4087536 0.2939486 0.2972979
#> [3,] 0.2949365 0.3554878 0.3495757
#> 
#> $gamma[[1]][[52]]
#>           [,1]      [,2]      [,3]
#> [1,] 0.2752162 0.4511599 0.2736238
#> [2,] 0.4033626 0.2975789 0.2990585
#> [3,] 0.3065149 0.3526329 0.3408522
#> 
#> $gamma[[1]][[53]]
#>           [,1]      [,2]      [,3]
#> [1,] 0.2855070 0.4298274 0.2846656
#> [2,] 0.4002220 0.2997035 0.3000746
#> [3,] 0.3133894 0.3508626 0.3357480
#> 
#> $gamma[[1]][[54]]
#>           [,1]      [,2]      [,3]
#> [1,] 0.2210477 0.5623950 0.2165573
#> [2,] 0.4196831 0.2866513 0.2936656
#> [3,] 0.2723375 0.3605695 0.3670930
#> 
#> $gamma[[1]][[55]]
#>           [,1]      [,2]      [,3]
#> [1,] 0.3043216 0.3906290 0.3050494
#> [2,] 0.3943609 0.3036875 0.3019516
#> [3,] 0.3264688 0.3473472 0.3261840
#> 
#> $gamma[[1]][[56]]
#>           [,1]      [,2]      [,3]
#> [1,] 0.3704567 0.2501245 0.3794188
#> [2,] 0.3710376 0.3197982 0.3091642
#> [3,] 0.3815791 0.3306249 0.2877960
#> 
#> $gamma[[1]][[57]]
#>           [,1]      [,2]      [,3]
#> [1,] 0.2990785 0.4015795 0.2993420
#> [2,] 0.3960133 0.3025617 0.3014249
#> [3,] 0.3227486 0.3483663 0.3288851
#> 
#> $gamma[[1]][[58]]
#>           [,1]      [,2]      [,3]
#> [1,] 0.2592941 0.4840313 0.2566746
#> [2,] 0.4081683 0.2943417 0.2974900
#> [3,] 0.2961798 0.3551891 0.3486311
#> 
#> $gamma[[1]][[59]]
#>           [,1]      [,2]      [,3]
#> [1,] 0.4078631 0.2877487 0.3043882
#> [2,] 0.3693621 0.3132167 0.3174212
#> [3,] 0.2542852 0.4092081 0.3365068
#> 
#> $gamma[[1]][[60]]
#>           [,1]      [,2]      [,3]
#> [1,] 0.3517492 0.2904109 0.3578399
#> [2,] 0.3782865 0.3147460 0.3069675
#> [3,] 0.3639490 0.3362883 0.2997627
#> 
#> $gamma[[1]][[61]]
#>           [,1]      [,2]      [,3]
#> [1,] 0.3734975 0.3504095 0.2760930
#> [2,] 0.3795957 0.3062016 0.3142027
#> [3,] 0.2346365 0.4136008 0.3517627
#> 
#> $gamma[[1]][[62]]
#>           [,1]      [,2]      [,3]
#> [1,] 0.3135489 0.4580852 0.2283658
#> [2,] 0.3956908 0.2953336 0.3089756
#> [3,] 0.2061576 0.4186586 0.3751838
#> 
#> $gamma[[1]][[63]]
#>           [,1]      [,2]      [,3]
#> [1,] 0.3521268 0.2896028 0.3582704
#> [2,] 0.3781470 0.3148429 0.3070102
#> [3,] 0.3642843 0.3361832 0.2995325
#> 
#> $gamma[[1]][[64]]
#>           [,1]      [,2]      [,3]
#> [1,] 0.3137008 0.3709840 0.3153152
#> [2,] 0.3913589 0.3057380 0.3029031
#> [3,] 0.3332921 0.3454397 0.3212682
#> 
#> $gamma[[1]][[65]]
#>           [,1]      [,2]      [,3]
#> [1,] 0.3479345 0.3965393 0.2555261
#> [2,] 0.3866387 0.3014215 0.3119398
#> [3,] 0.2218146 0.4160848 0.3621006
#> 
#> $gamma[[1]][[66]]
#>           [,1]      [,2]      [,3]
#> [1,] 0.3079795 0.3829763 0.3090443
#> [2,] 0.3931976 0.3044813 0.3023211
#> [3,] 0.3291029 0.3466167 0.3242804
#> 
#> $gamma[[1]][[67]]
#>           [,1]      [,2]      [,3]
#> [1,] 0.2294468 0.5452530 0.2253001
#> [2,] 0.4171381 0.2883431 0.2945188
#> [3,] 0.2774941 0.3594700 0.3630359
#> 
#> $gamma[[1]][[68]]
#>           [,1]      [,2]      [,3]
#> [1,] 0.2706049 0.4606964 0.2686987
#> [2,] 0.4047597 0.2966361 0.2986042
#> [3,] 0.3034874 0.3533950 0.3431176
#> 
#> $gamma[[1]][[69]]
#>           [,1]      [,2]      [,3]
#> [1,] 0.3656505 0.2605274 0.3738221
#> [2,] 0.3729716 0.3184462 0.3085822
#> [3,] 0.3768336 0.3321766 0.2909899
#> 
#> $gamma[[1]][[70]]
#>           [,1]      [,2]      [,3]
#> [1,] 0.3856582 0.3283306 0.2860111
#> [2,] 0.3760972 0.3085904 0.3153124
#> [3,] 0.2412171 0.4122052 0.3465777
#> 
#> $gamma[[1]][[71]]
#>           [,1]      [,2]      [,3]
#> [1,] 0.3812515 0.3363424 0.2824061
#> [2,] 0.3773783 0.3077145 0.3149072
#> [3,] 0.2387911 0.4127288 0.3484801
#> 
#> $gamma[[1]][[72]]
#>           [,1]      [,2]      [,3]
#> [1,] 0.3525734 0.3881941 0.2592325
#> [2,] 0.3853862 0.3022688 0.3123450
#> [3,] 0.2240537 0.4156744 0.3602719
#> 
#> $gamma[[1]][[73]]
#>           [,1]      [,2]      [,3]
#> [1,] 0.2679653 0.4661491 0.2658856
#> [2,] 0.4055571 0.2960986 0.2983443
#> [3,] 0.3017676 0.3538230 0.3444094
#> 
#> $gamma[[1]][[74]]
#>           [,1]      [,2]      [,3]
#> [1,] 0.3505087 0.2930640 0.3564273
#> [2,] 0.3787433 0.3144290 0.3068277
#> [3,] 0.3628528 0.3366311 0.3005161
#> 
#> $gamma[[1]][[75]]
#>           [,1]      [,2]      [,3]
#> [1,] 0.3151869 0.3678644 0.3169487
#> [2,] 0.3908771 0.3060676 0.3030552
#> [3,] 0.3343948 0.3451268 0.3204784
#> 
#> $gamma[[1]][[76]]
#>           [,1]      [,2]      [,3]
#> [1,] 0.3063936 0.3862955 0.3073109
#> [2,] 0.3937031 0.3041362 0.3021607
#> [3,] 0.3279568 0.3469354 0.3251077
#> 
#> $gamma[[1]][[77]]
#>           [,1]      [,2]      [,3]
#> [1,] 0.3004265 0.3987663 0.3008073
#> [2,] 0.3955901 0.3028499 0.3015600
#> [3,] 0.3236990 0.3481074 0.3281936
#> 
#> $gamma[[1]][[78]]
#>           [,1]      [,2]      [,3]
#> [1,] 0.3645083 0.2629939 0.3724978
#> [2,] 0.3734232 0.3181309 0.3084459
#> [3,] 0.3757297 0.3325347 0.2917356
#> 
#> $gamma[[1]][[79]]
#>           [,1]      [,2]      [,3]
#> [1,] 0.3286433 0.3395234 0.3318332
#> [2,] 0.3864246 0.3091228 0.3044526
#> [3,] 0.3446861 0.3421466 0.3131673
#> 
#> $gamma[[1]][[80]]
#>           [,1]      [,2]      [,3]
#> [1,] 0.2822151 0.4366593 0.2811257
#> [2,] 0.4012306 0.2990204 0.2997490
#> [3,] 0.3111714 0.3514398 0.3373888
#> 
#> $gamma[[1]][[81]]
#>           [,1]      [,2]      [,3]
#> [1,] 0.3017115 0.3960830 0.3022055
#> [2,] 0.3951856 0.3031254 0.3016890
#> [3,] 0.3246089 0.3478586 0.3275325
#> 
#> $gamma[[1]][[82]]
#>           [,1]      [,2]      [,3]
#> [1,] 0.3104386 0.3778251 0.3117362
#> [2,] 0.3924103 0.3050191 0.3025706
#> [3,] 0.3308929 0.3461160 0.3229911
#> 
#> $gamma[[1]][[83]]
#>           [,1]      [,2]      [,3]
#> [1,] 0.2692934 0.4634062 0.2673004
#> [2,] 0.4051561 0.2963688 0.2984751
#> [3,] 0.3026317 0.3536084 0.3437599
#> 
#> $gamma[[1]][[84]]
#>           [,1]      [,2]      [,3]
#> [1,] 0.3128259 0.4593739 0.2278002
#> [2,] 0.3958780 0.2952083 0.3089136
#> [3,] 0.2058433 0.4187047 0.3754519
#> 
#> $gamma[[1]][[85]]
#>           [,1]      [,2]      [,3]
#> [1,] 0.2226900 0.5590462 0.2182639
#> [2,] 0.4191841 0.2869826 0.2938333
#> [3,] 0.2733435 0.3603579 0.3662986
#> 
#> $gamma[[1]][[86]]
#>           [,1]      [,2]      [,3]
#> [1,] 0.3310982 0.3343340 0.3345678
#> [2,] 0.3855926 0.3096954 0.3047120
#> [3,] 0.3466288 0.3415721 0.3117991
#> 
#> $gamma[[1]][[87]]
#>           [,1]      [,2]      [,3]
#> [1,] 0.3289625 0.3388491 0.3321884
#> [2,] 0.3863168 0.3091970 0.3044862
#> [3,] 0.3449374 0.3420725 0.3129901
#> 
#> $gamma[[1]][[88]]
#>           [,1]      [,2]      [,3]
#> [1,] 0.2781635 0.4450575 0.2767790
#> [2,] 0.4024667 0.2981843 0.2993491
#> [3,] 0.3084664 0.3521359 0.3393976
#> 
#> $gamma[[1]][[89]]
#>           [,1]      [,2]      [,3]
#> [1,] 0.3192195 0.3593891 0.3213914
#> [2,] 0.3895605 0.3069695 0.3034700
#> [3,] 0.3374194 0.3442621 0.3183185
#> 
#> $gamma[[1]][[90]]
#>           [,1]      [,2]      [,3]
#> [1,] 0.2717463 0.4583373 0.2699165
#> [2,] 0.4044144 0.2968690 0.2987166
#> [3,] 0.3042339 0.3532081 0.3425580
#> 
#> $gamma[[1]][[91]]
#>           [,1]      [,2]      [,3]
#> [1,] 0.3755260 0.3467330 0.2777410
#> [2,] 0.3790199 0.3065941 0.3143860
#> [3,] 0.2357100 0.4133785 0.3509115
#> 
#> $gamma[[1]][[92]]
#>           [,1]      [,2]      [,3]
#> [1,] 0.3862882 0.2155444 0.3981674
#> [2,] 0.3642167 0.3245905 0.3111929
#> [3,] 0.3985502 0.3249178 0.2765319
#> 
#> $gamma[[1]][[93]]
#>           [,1]      [,2]      [,3]
#> [1,] 0.2584699 0.4857286 0.2558015
#> [2,] 0.4084160 0.2941753 0.2974087
#> [3,] 0.2956533 0.3553158 0.3490309
#> 
#> $gamma[[1]][[94]]
#>           [,1]      [,2]      [,3]
#> [1,] 0.2983348 0.4031310 0.2985342
#> [2,] 0.3962464 0.3024031 0.3013505
#> [3,] 0.3222259 0.3485083 0.3292658
#> 
#> $gamma[[1]][[95]]
#>           [,1]      [,2]      [,3]
#> [1,] 0.3129302 0.4591880 0.2278818
#> [2,] 0.3958510 0.2952264 0.3089226
#> [3,] 0.2058886 0.4186981 0.3754133
#> 
#> $gamma[[1]][[96]]
#>           [,1]      [,2]      [,3]
#> [1,] 0.2914346 0.4175062 0.2910592
#> [2,] 0.3983946 0.3009429 0.3006625
#> [3,] 0.3174325 0.3497962 0.3327713
#> 
#> $gamma[[1]][[97]]
#>           [,1]      [,2]      [,3]
#> [1,] 0.3368860 0.3220738 0.3410402
#> [2,] 0.3836034 0.3110665 0.3053302
#> [3,] 0.3512986 0.3401758 0.3085255
#> 
#> $gamma[[1]][[98]]
#>           [,1]      [,2]      [,3]
#> [1,] 0.3155316 0.4545503 0.2299181
#> [2,] 0.3951769 0.2956776 0.3091455
#> [3,] 0.2070221 0.4185307 0.3744473
#> 
#> $gamma[[1]][[99]]
#>           [,1]      [,2]      [,3]
#> [1,] 0.3014668 0.3965940 0.3019391
#> [2,] 0.3952627 0.3030729 0.3016644
#> [3,] 0.3244354 0.3479061 0.3276585
#> 
#> $gamma[[1]][[100]]
#>           [,1]      [,2]      [,3]
#> [1,] 0.3137008 0.3709840 0.3153152
#> [2,] 0.3913589 0.3057380 0.3029031
#> [3,] 0.3332921 0.3454397 0.3212682
#> 
#> $gamma[[1]][[101]]
#>           [,1]      [,2]      [,3]
#> [1,] 0.3406451 0.4096313 0.2497236
#> [2,] 0.3885887 0.3001048 0.3113065
#> [3,] 0.2183643 0.4166972 0.3649385
#> 
#> $gamma[[1]][[102]]
#>           [,1]      [,2]      [,3]
#> [1,] 0.4003351 0.3015492 0.2981157
#> [2,] 0.3717037 0.3116041 0.3166922
#> [3,] 0.2496819 0.4102969 0.3400212
#> 
#> $gamma[[1]][[103]]
#>           [,1]      [,2]      [,3]
#> [1,] 0.3247848 0.3476678 0.3275474
#> [2,] 0.3877192 0.3082330 0.3040478
#> [3,] 0.3416753 0.3430296 0.3152951
#> 
#> $gamma[[1]][[104]]
#>           [,1]      [,2]      [,3]
#> [1,] 0.3283447 0.3401543 0.3315010
#> [2,] 0.3865254 0.3090535 0.3044211
#> [3,] 0.3444512 0.3422158 0.3133329
#> 
#> $gamma[[1]][[105]]
#>           [,1]      [,2]      [,3]
#> [1,] 0.2696756 0.4626166 0.2677078
#> [2,] 0.4050406 0.2964467 0.2985127
#> [3,] 0.3028808 0.3535464 0.3435728
#> 
#> $gamma[[1]][[106]]
#>           [,1]      [,2]      [,3]
#> [1,] 0.3152406 0.4550692 0.2296902
#> [2,] 0.3952523 0.2956271 0.3091206
#> [3,] 0.2068949 0.4185496 0.3745555
#> 
#> $gamma[[1]][[107]]
#>           [,1]      [,2]      [,3]
#> [1,] 0.3231748 0.3510618 0.3257634
#> [2,] 0.3882550 0.3078651 0.3038800
#> [3,] 0.3404339 0.3433910 0.3161751
#> 
#> $gamma[[1]][[108]]
#>           [,1]      [,2]      [,3]
#> [1,] 0.3248979 0.4378294 0.2372727
#> [2,] 0.3927389 0.2973121 0.3099490
#> [3,] 0.2111630 0.4178941 0.3709429
#> 
#> $gamma[[1]][[109]]
#>           [,1]      [,2]      [,3]
#> [1,] 0.3054725 0.3882224 0.3063051
#> [2,] 0.3939959 0.3039365 0.3020676
#> [3,] 0.3272940 0.3471192 0.3255868
#> 
#> $gamma[[1]][[110]]
#>           [,1]      [,2]      [,3]
#> [1,] 0.2955185 0.4090025 0.2954790
#> [2,] 0.3971262 0.3018047 0.3010691
#> [3,] 0.3202576 0.3490402 0.3307022
#> 
#> $gamma[[1]][[111]]
#>           [,1]      [,2]      [,3]
#> [1,] 0.2858292 0.4291583 0.2850125
#> [2,] 0.4001230 0.2997705 0.3001065
#> [3,] 0.3136075 0.3508056 0.3355869
#> 
#> $gamma[[1]][[112]]
#>           [,1]      [,2]      [,3]
#> [1,] 0.4296156 0.2475827 0.3228017
#> [2,] 0.3621634 0.3182022 0.3196344
#> [3,] 0.2688388 0.4055420 0.3256192
#> 
#> $gamma[[1]][[113]]
#>           [,1]      [,2]      [,3]
#> [1,] 0.3027796 0.3938517 0.3033686
#> [2,] 0.3948486 0.3033550 0.3017963
#> [3,] 0.3253681 0.3476503 0.3269816
#> 
#> $gamma[[1]][[114]]
#>           [,1]      [,2]      [,3]
#> [1,] 0.3118929 0.3747764 0.3133306
#> [2,] 0.3919426 0.3053388 0.3027187
#> [3,] 0.3319589 0.3458162 0.3222248
#> 
#> $gamma[[1]][[115]]
#>           [,1]      [,2]      [,3]
#> [1,] 0.2705714 0.4607656 0.2686630
#> [2,] 0.4047698 0.2966293 0.2986009
#> [3,] 0.3034655 0.3534005 0.3431340
#> 
#> $gamma[[1]][[116]]
#>           [,1]      [,2]      [,3]
#> [1,] 0.3319342 0.3325654 0.3355004
#> [2,] 0.3853078 0.3098915 0.3048007
#> [3,] 0.3472953 0.3413741 0.3113305
#> 
#> $gamma[[1]][[117]]
#>           [,1]      [,2]      [,3]
#> [1,] 0.2651039 0.4720552 0.2628409
#> [2,] 0.4064201 0.2955174 0.2980625
#> [3,] 0.2999136 0.3542805 0.3458059
#> 
#> $gamma[[1]][[118]]
#>           [,1]      [,2]      [,3]
#> [1,] 0.3153255 0.3675734 0.3171011
#> [2,] 0.3908321 0.3060985 0.3030694
#> [3,] 0.3344980 0.3450974 0.3204046
#> 
#> $gamma[[1]][[119]]
#>           [,1]      [,2]      [,3]
#> [1,] 0.2937306 0.4933343 0.2129351
#> [2,] 0.4008017 0.2919233 0.3072749
#> [3,] 0.1977179 0.4198157 0.3824664
#> 
#> $gamma[[1]][[120]]
#>           [,1]      [,2]      [,3]
#> [1,] 0.3189461 0.4484589 0.2325950
#> [2,] 0.3942902 0.2962715 0.3094383
#> [3,] 0.2085205 0.4183048 0.3731747
#> 
#> $gamma[[1]][[121]]
#>           [,1]      [,2]      [,3]
#> [1,] 0.3197041 0.3583695 0.3219263
#> [2,] 0.3894013 0.3070787 0.3035200
#> [3,] 0.3377861 0.3441567 0.3180572
#> 
#> $gamma[[1]][[122]]
#>           [,1]      [,2]      [,3]
#> [1,] 0.3219555 0.3536304 0.3244141
#> [2,] 0.3886590 0.3075878 0.3037532
#> [3,] 0.3394993 0.3436621 0.3168386
#> 
#> $gamma[[1]][[123]]
#>           [,1]      [,2]      [,3]
#> [1,] 0.2867826 0.4271781 0.2860394
#> [2,] 0.3998300 0.2999691 0.3002009
#> [3,] 0.3142540 0.3506362 0.3351099
#> 
#> $gamma[[1]][[124]]
#>           [,1]      [,2]      [,3]
#> [1,] 0.3656279 0.3646491 0.2697230
#> [2,] 0.3818036 0.3046989 0.3134975
#> [3,] 0.2305561 0.4144259 0.3550180
#> 
#> $gamma[[1]][[125]]
#>           [,1]      [,2]      [,3]
#> [1,] 0.3100372 0.3786664 0.3112964
#> [2,] 0.3925391 0.3049310 0.3025298
#> [3,] 0.3305996 0.3461983 0.3232021
#> 
#> $gamma[[1]][[126]]
#>           [,1]      [,2]      [,3]
#> [1,] 0.2664842 0.4692068 0.2643090
#> [2,] 0.4060040 0.2957976 0.2981984
#> [3,] 0.3008067 0.3540607 0.3451327
#> 
#> $gamma[[1]][[127]]
#>           [,1]      [,2]      [,3]
#> [1,] 0.3669219 0.3623102 0.2707679
#> [2,] 0.3814433 0.3049439 0.3136128
#> [3,] 0.2312183 0.4142942 0.3544876
#> 
#> $gamma[[1]][[128]]
#>           [,1]      [,2]      [,3]
#> [1,] 0.2726923 0.4563813 0.2709264
#> [2,] 0.4041279 0.2970623 0.2988098
#> [3,] 0.3048541 0.3530523 0.3420936
#> 
#> $gamma[[1]][[129]]
#>           [,1]      [,2]      [,3]
#> [1,] 0.2760292 0.4494773 0.2744935
#> [2,] 0.4031157 0.2977456 0.2991386
#> [3,] 0.3070519 0.3524966 0.3404515
#> 
#> $gamma[[1]][[130]]
#>           [,1]      [,2]      [,3]
#> [1,] 0.3321971 0.3320091 0.3357939
#> [2,] 0.3852180 0.3099533 0.3048286
#> [3,] 0.3475055 0.3413116 0.3111829
#> 
#> $gamma[[1]][[131]]
#>           [,1]      [,2]      [,3]
#> [1,] 0.3113696 0.3758738 0.3127567
#> [2,] 0.3921111 0.3052236 0.3026653
#> [3,] 0.3315747 0.3459244 0.3225009
#> 
#> $gamma[[1]][[132]]
#>           [,1]      [,2]      [,3]
#> [1,] 0.3413049 0.3126881 0.3460070
#> [2,] 0.3820561 0.3121350 0.3058089
#> [3,] 0.3549550 0.3390678 0.3059772
#> 
#> $gamma[[1]][[133]]
#>           [,1]      [,2]      [,3]
#> [1,] 0.3424188 0.3103187 0.3472626
#> [2,] 0.3816618 0.3124076 0.3059306
#> [3,] 0.3558899 0.3387825 0.3053277
#> 
#> $gamma[[1]][[134]]
#>           [,1]      [,2]      [,3]
#> [1,] 0.2863850 0.4280040 0.2856111
#> [2,] 0.3999523 0.2998862 0.3001615
#> [3,] 0.3139842 0.3507069 0.3353089
#> 
#> $gamma[[1]][[135]]
#>           [,1]      [,2]      [,3]
#> [1,] 0.3712532 0.2483966 0.3803503
#> [2,] 0.3707116 0.3200264 0.3092620
#> [3,] 0.3823820 0.3303604 0.2872576
#> 
#> $gamma[[1]][[136]]
#>           [,1]      [,2]      [,3]
#> [1,] 0.3155172 0.3671708 0.3173120
#> [2,] 0.3907698 0.3061411 0.3030891
#> [3,] 0.3346408 0.3450568 0.3203024
#> 
#> $gamma[[1]][[137]]
#>           [,1]      [,2]      [,3]
#> [1,] 0.3048141 0.3895993 0.3055866
#> [2,] 0.3942048 0.3037940 0.3020012
#> [3,] 0.3268215 0.3472498 0.3259286
#> 
#> $gamma[[1]][[138]]
#>           [,1]      [,2]      [,3]
#> [1,] 0.2949059 0.4102789 0.2948152
#> [2,] 0.3973170 0.3016750 0.3010080
#> [3,] 0.3198316 0.3491548 0.3310136
#> 
#> $gamma[[1]][[139]]
#>           [,1]      [,2]      [,3]
#> [1,] 0.2942517 0.4924094 0.2133389
#> [2,] 0.4006677 0.2920125 0.3073198
#> [3,] 0.1979356 0.4197880 0.3822764
#> 
#> $gamma[[1]][[140]]
#>           [,1]      [,2]      [,3]
#> [1,] 0.3243465 0.3485919 0.3270615
#> [2,] 0.3878653 0.3081326 0.3040021
#> [3,] 0.3413366 0.3431284 0.3155351
#> 
#> $gamma[[1]][[141]]
#>           [,1]      [,2]      [,3]
#> [1,] 0.3387477 0.3181223 0.3431300
#> [2,] 0.3829546 0.3115142 0.3055311
#> [3,] 0.3528291 0.3397136 0.3074573
#> 
#> $gamma[[1]][[142]]
#>           [,1]      [,2]      [,3]
#> [1,] 0.2457888 0.5117942 0.2424170
#> [2,] 0.4122220 0.2916237 0.2961542
#> [3,] 0.2876369 0.3572024 0.3551606
#> 
#> $gamma[[1]][[143]]
#>           [,1]      [,2]      [,3]
#> [1,] 0.3549824 0.3838561 0.2611615
#> [2,] 0.3847317 0.3027120 0.3125563
#> [3,] 0.2252306 0.4154546 0.3593148
#> 
#> $gamma[[1]][[144]]
#>           [,1]      [,2]      [,3]
#> [1,] 0.3556675 0.2820163 0.3623162
#> [2,] 0.3768262 0.3157605 0.3074134
#> [3,] 0.3674659 0.3351809 0.2973532
#> 
#> $gamma[[1]][[145]]
#>           [,1]      [,2]      [,3]
#> [1,] 0.3150014 0.3682538 0.3167448
#> [2,] 0.3909373 0.3060264 0.3030362
#> [3,] 0.3342569 0.3451660 0.3205771
#> 
#> $gamma[[1]][[146]]
#>           [,1]      [,2]      [,3]
#> [1,] 0.3298053 0.3370679 0.3331268
#> [2,] 0.3860316 0.3093932 0.3045752
#> [3,] 0.3456029 0.3418760 0.3125211
#> 
#> $gamma[[1]][[147]]
#>           [,1]      [,2]      [,3]
#> [1,] 0.2856610 0.4295076 0.2848314
#> [2,] 0.4001747 0.2997355 0.3000898
#> [3,] 0.3134936 0.3508354 0.3356710
#> 
#> $gamma[[1]][[148]]
#>           [,1]      [,2]      [,3]
#> [1,] 0.2894005 0.4217371 0.2888624
#> [2,] 0.3990234 0.3005161 0.3004605
#> [3,] 0.3160377 0.3501662 0.3337961
#> 
#> $gamma[[1]][[149]]
#>           [,1]      [,2]      [,3]
#> [1,] 0.3881600 0.3237765 0.2880635
#> [2,] 0.3753627 0.3090932 0.3155441
#> [3,] 0.2426168 0.4118983 0.3454850
#> 
#> $gamma[[1]][[150]]
#>           [,1]      [,2]      [,3]
#> [1,] 0.3212622 0.3550903 0.3236475
#> [2,] 0.3888881 0.3074306 0.3036813
#> [3,] 0.3389701 0.3438152 0.3172147
#> 
#> $gamma[[1]][[151]]
#>           [,1]      [,2]      [,3]
#> [1,] 0.4155023 0.2736949 0.3108029
#> [2,] 0.3669138 0.3149075 0.3181787
#> [3,] 0.2591667 0.4080155 0.3328177
#> 
#> $gamma[[1]][[152]]
#>           [,1]      [,2]      [,3]
#> [1,] 0.4075907 0.2882489 0.3041604
#> [2,] 0.3694480 0.3131575 0.3173945
#> [3,] 0.2541151 0.4092489 0.3366360
#> 
#> $gamma[[1]][[153]]
#>           [,1]      [,2]      [,3]
#> [1,] 0.3368160 0.3222222 0.3409618
#> [2,] 0.3836276 0.3110497 0.3053227
#> [3,] 0.3512414 0.3401931 0.3085655
#> 
#> $gamma[[1]][[154]]
#>           [,1]      [,2]      [,3]
#> [1,] 0.3196379 0.3585090 0.3218531
#> [2,] 0.3894231 0.3070637 0.3035132
#> [3,] 0.3377359 0.3441711 0.3180930
#> 
#> $gamma[[1]][[155]]
#>           [,1]      [,2]      [,3]
#> [1,] 0.3334497 0.4225299 0.2440205
#> [2,] 0.3904944 0.2988208 0.3106848
#> [3,] 0.2150336 0.4172646 0.3677018
#> 
#> $gamma[[1]][[156]]
#>           [,1]      [,2]      [,3]
#> [1,] 0.3506211 0.3917076 0.2576713
#> [2,] 0.3859145 0.3019113 0.3121742
#> [3,] 0.2231071 0.4158491 0.3610438
#> 
#> $gamma[[1]][[157]]
#>           [,1]      [,2]      [,3]
#> [1,] 0.2930618 0.4141196 0.2928187
#> [2,] 0.3978902 0.3012854 0.3008243
#> [3,] 0.3185541 0.3494972 0.3319488
#> 
#> $gamma[[1]][[158]]
#>           [,1]      [,2]      [,3]
#> [1,] 0.3357648 0.3244516 0.3397836
#> [2,] 0.3839919 0.3107984 0.3052097
#> [3,] 0.3503838 0.3404511 0.3091651
#> 
#> $gamma[[1]][[159]]
#>           [,1]      [,2]      [,3]
#> [1,] 0.3070801 0.3848589 0.3080610
#> [2,] 0.3934845 0.3042854 0.3022301
#> [3,] 0.3284522 0.3467978 0.3247500
#> 
#> $gamma[[1]][[160]]
#>           [,1]      [,2]      [,3]
#> [1,] 0.3843010 0.3307996 0.2848994
#> [2,] 0.3764935 0.3083193 0.3151872
#> [3,] 0.2404646 0.4123687 0.3471666
#> 
#> $gamma[[1]][[161]]
#>           [,1]      [,2]      [,3]
#> [1,] 0.3031819 0.3930112 0.3038069
#> [2,] 0.3947216 0.3034416 0.3018368
#> [3,] 0.3256547 0.3475715 0.3267738
#> 
#> $gamma[[1]][[162]]
#>           [,1]      [,2]      [,3]
#> [1,] 0.3649677 0.2620022 0.3730302
#> [2,] 0.3732419 0.3182575 0.3085006
#> [3,] 0.3761726 0.3323911 0.2914363
#> 
#> $gamma[[1]][[163]]
#>           [,1]      [,2]      [,3]
#> [1,] 0.4352159 0.2371611 0.3276230
#> [2,] 0.3601822 0.3195819 0.3202359
#> [3,] 0.2729511 0.4044475 0.3226015
#> 
#> $gamma[[1]][[164]]
#>           [,1]      [,2]      [,3]
#> [1,] 0.3840043 0.3313392 0.2846565
#> [2,] 0.3765799 0.3082602 0.3151598
#> [3,] 0.2403008 0.4124042 0.3472950
#> 
#> $gamma[[1]][[165]]
#>           [,1]      [,2]      [,3]
#> [1,] 0.3141390 0.3700642 0.3157967
#> [2,] 0.3912170 0.3058350 0.3029480
#> [3,] 0.3336167 0.3453477 0.3210356
#> 
#> $gamma[[1]][[166]]
#>           [,1]      [,2]      [,3]
#> [1,] 0.2785423 0.4442727 0.2771849
#> [2,] 0.4023513 0.2982622 0.2993865
#> [3,] 0.3087182 0.3520715 0.3392103
#> 
#> $gamma[[1]][[167]]
#>           [,1]      [,2]      [,3]
#> [1,] 0.3033259 0.4762868 0.2203873
#> [2,] 0.3983318 0.2935690 0.3080992
#> [3,] 0.2017609 0.4192826 0.3789565
#> 
#> $gamma[[1]][[168]]
#>           [,1]      [,2]      [,3]
#> [1,] 0.3891935 0.3218938 0.2889127
#> [2,] 0.3750576 0.3093021 0.3156403
#> [3,] 0.2431999 0.4117694 0.3450308
#> 
#> $gamma[[1]][[169]]
#>           [,1]      [,2]      [,3]
#> [1,] 0.3465907 0.3014309 0.3519784
#> [2,] 0.3801694 0.3134405 0.3063902
#> [3,] 0.3594414 0.3376908 0.3028678
#> 
#> $gamma[[1]][[170]]
#>           [,1]      [,2]      [,3]
#> [1,] 0.4038869 0.2950437 0.3010694
#> [2,] 0.3706071 0.3123588 0.3170341
#> [3,] 0.2518297 0.4097933 0.3383771
#> 
#> $gamma[[1]][[171]]
#>           [,1]      [,2]      [,3]
#> [1,] 0.3831530 0.2224349 0.3944121
#> [2,] 0.3656301 0.3235943 0.3107756
#> [3,] 0.3950043 0.3261303 0.2788654
#> 
#> $gamma[[1]][[172]]
#>           [,1]      [,2]      [,3]
#> [1,] 0.3230488 0.3513273 0.3256239
#> [2,] 0.3882968 0.3078364 0.3038668
#> [3,] 0.3403371 0.3434191 0.3162438
#> 
#> $gamma[[1]][[173]]
#>           [,1]      [,2]      [,3]
#> [1,] 0.2757081 0.4501419 0.2741500
#> [2,] 0.4032133 0.2976798 0.2991070
#> [3,] 0.3068397 0.3525505 0.3406098
#> 
#> $gamma[[1]][[174]]
#>           [,1]      [,2]      [,3]
#> [1,] 0.3228166 0.3518166 0.3253669
#> [2,] 0.3883738 0.3077835 0.3038427
#> [3,] 0.3401588 0.3434709 0.3163703
#> 
#> $gamma[[1]][[175]]
#>           [,1]      [,2]      [,3]
#> [1,] 0.4086472 0.2863085 0.3050443
#> [2,] 0.3691143 0.3133876 0.3174981
#> [3,] 0.2547760 0.4090899 0.3361341
#> 
#> $gamma[[1]][[176]]
#>           [,1]      [,2]      [,3]
#> [1,] 0.3423657 0.3104315 0.3472028
#> [2,] 0.3816807 0.3123946 0.3059248
#> [3,] 0.3558452 0.3387961 0.3053587
#> 
#> $gamma[[1]][[177]]
#>           [,1]      [,2]      [,3]
#> [1,] 0.3587533 0.2753902 0.3658565
#> [2,] 0.3756563 0.3165744 0.3077694
#> [3,] 0.3702961 0.3342815 0.2954223
#> 
#> $gamma[[1]][[178]]
#>           [,1]      [,2]      [,3]
#> [1,] 0.3217747 0.4434091 0.2348162
#> [2,] 0.3935539 0.2967652 0.3096809
#> [3,] 0.2097713 0.4181123 0.3721164
#> 
#> $gamma[[1]][[179]]
#>           [,1]      [,2]      [,3]
#> [1,] 0.3493947 0.2954450 0.3551603
#> [2,] 0.3791513 0.3141460 0.3067027
#> [3,] 0.3618750 0.3369359 0.3011890
#> 
#> $gamma[[1]][[180]]
#>           [,1]      [,2]      [,3]
#> [1,] 0.3225014 0.3524806 0.3250181
#> [2,] 0.3884783 0.3077118 0.3038099
#> [3,] 0.3399172 0.3435410 0.3165418
#> 
#> $gamma[[1]][[181]]
#>           [,1]      [,2]      [,3]
#> [1,] 0.2692604 0.4634742 0.2672653
#> [2,] 0.4051660 0.2963621 0.2984718
#> [3,] 0.3026103 0.3536137 0.3437760
#> 
#> $gamma[[1]][[182]]
#>           [,1]      [,2]      [,3]
#> [1,] 0.3361664 0.3236000 0.3402336
#> [2,] 0.3838529 0.3108943 0.3052528
#> [3,] 0.3507109 0.3403527 0.3089363
#> 
#> $gamma[[1]][[183]]
#>           [,1]      [,2]      [,3]
#> [1,] 0.3343046 0.3275464 0.3381490
#> [2,] 0.3844956 0.3104511 0.3050533
#> [3,] 0.3491998 0.3408060 0.3099942
#> 
#> $gamma[[1]][[184]]
#>           [,1]      [,2]      [,3]
#> [1,] 0.3285866 0.3396434 0.3317700
#> [2,] 0.3864438 0.3091096 0.3044466
#> [3,] 0.3446414 0.3421598 0.3131988
#> 
#> $gamma[[1]][[185]]
#>           [,1]      [,2]      [,3]
#> [1,] 0.2951864 0.4096945 0.2951191
#> [2,] 0.3972297 0.3017343 0.3010360
#> [3,] 0.3200266 0.3491024 0.3308710
#> 
#> $gamma[[1]][[186]]
#>           [,1]      [,2]      [,3]
#> [1,] 0.3024827 0.3944721 0.3030452
#> [2,] 0.3949424 0.3032911 0.3017665
#> [3,] 0.3251568 0.3477083 0.3271349
#> 
#> $gamma[[1]][[187]]
#>           [,1]      [,2]      [,3]
#> [1,] 0.3519353 0.2900126 0.3580521
#> [2,] 0.3782178 0.3147937 0.3069885
#> [3,] 0.3641142 0.3362365 0.2996493
#> 
#> $gamma[[1]][[188]]
#>           [,1]      [,2]      [,3]
#> [1,] 0.3458347 0.3030430 0.3511223
#> [2,] 0.3804417 0.3132518 0.3063064
#> [3,] 0.3587918 0.3378914 0.3033168
#> 
#> $gamma[[1]][[189]]
#>           [,1]      [,2]      [,3]
#> [1,] 0.2982430 0.4033224 0.2984345
#> [2,] 0.3962751 0.3023835 0.3013413
#> [3,] 0.3221615 0.3485257 0.3293127
#> 
#> $gamma[[1]][[190]]
#>           [,1]      [,2]      [,3]
#> [1,] 0.3032598 0.3928484 0.3038918
#> [2,] 0.3946969 0.3034584 0.3018446
#> [3,] 0.3257102 0.3475562 0.3267335
#> 
#> $gamma[[1]][[191]]
#>           [,1]      [,2]      [,3]
#> [1,] 0.3859661 0.3277705 0.2862634
#> [2,] 0.3760072 0.3086520 0.3153408
#> [3,] 0.2413884 0.4121678 0.3464438
#> 
#> $gamma[[1]][[192]]
#>           [,1]      [,2]      [,3]
#> [1,] 0.3617444 0.3716629 0.2665926
#> [2,] 0.3828790 0.3039684 0.3131526
#> [3,] 0.2285888 0.4148123 0.3565988
#> 
#> $gamma[[1]][[193]]
#>           [,1]      [,2]      [,3]
#> [1,] 0.3379740 0.4144223 0.2476037
#> [2,] 0.3892982 0.2996265 0.3110753
#> [3,] 0.2171195 0.4169120 0.3659685
#> 
#> $gamma[[1]][[194]]
#>           [,1]      [,2]      [,3]
#> [1,] 0.3446134 0.4025074 0.2528792
#> [2,] 0.3875298 0.3008195 0.3116507
#> [3,] 0.2202326 0.4163686 0.3633987
#> 
#> $gamma[[1]][[195]]
#>           [,1]      [,2]      [,3]
#> [1,] 0.3709473 0.2490603 0.3799924
#> [2,] 0.3708370 0.3199386 0.3092244
#> [3,] 0.3820731 0.3304623 0.2874647
#> 
#> $gamma[[1]][[196]]
#>           [,1]      [,2]      [,3]
#> [1,] 0.3354883 0.3250379 0.3394739
#> [2,] 0.3840875 0.3107325 0.3051800
#> [3,] 0.3501589 0.3405186 0.3093225
#> 
#> $gamma[[1]][[197]]
#>           [,1]      [,2]      [,3]
#> [1,] 0.3159978 0.3661614 0.3178409
#> [2,] 0.3906135 0.3062481 0.3031384
#> [3,] 0.3349992 0.3449548 0.3200460
#> 
#> $gamma[[1]][[198]]
#>           [,1]      [,2]      [,3]
#> [1,] 0.2981627 0.4034900 0.2983473
#> [2,] 0.3963003 0.3023664 0.3013333
#> [3,] 0.3221052 0.3485410 0.3293538
#> 
#> $gamma[[1]][[199]]
#>           [,1]      [,2]      [,3]
#> [1,] 0.2865632 0.4276337 0.2858031
#> [2,] 0.3998975 0.2999234 0.3001792
#> [3,] 0.3141051 0.3506752 0.3352197
#> 
#> $gamma[[1]][[200]]
#>           [,1]      [,2]      [,3]
#> [1,] 0.2768990 0.5231574 0.1999436
#> [2,] 0.4051316 0.2890492 0.3058192
#> [3,] 0.1907896 0.4206343 0.3885761
#> 
#> $gamma[[1]][[201]]
#>           [,1]      [,2]      [,3]
#> [1,] 0.3669957 0.3621768 0.2708275
#> [2,] 0.3814227 0.3049579 0.3136194
#> [3,] 0.2312561 0.4142866 0.3544573
#> 
#> $gamma[[1]][[202]]
#>           [,1]      [,2]      [,3]
#> [1,] 0.2774343 0.4465679 0.2759978
#> [2,] 0.4026886 0.2980343 0.2992772
#> [3,] 0.3079823 0.3522596 0.3397580
#> 
#> $gamma[[1]][[203]]
#>           [,1]      [,2]      [,3]
#> [1,] 0.3586638 0.2755825 0.3657537
#> [2,] 0.3756904 0.3165506 0.3077590
#> [3,] 0.3702133 0.3343080 0.2954787
#> 
#> $gamma[[1]][[204]]
#>           [,1]      [,2]      [,3]
#> [1,] 0.3061791 0.3867442 0.3070767
#> [2,] 0.3937713 0.3040897 0.3021390
